1586155
4627387
1586103
7448487
1688439
338995
7695680
25002363
7203175
559879
688847
19808852
650927
11504006
435241
339682
50076277
25201422
25202470
2371055
315886
2049081
520408
540546
435269
1382569
526054
59326421
66229349
7193959
2371053
350719
25205283
15778217
2049073
566684
1586101
11471715
50238787
517933
516436
31825048
43751964
50078308
23439029
50078758
2030601
573836
22965611
6553775
50078680
11473602
55286068
7193979
25204672
416363
14948530
31855031
377530
7194247
22986468
2049125
7194267
556066
31878718
50238818
31878738
401560
31516223
11476802
2067881
7256353
342641
50126145
2507783
35751834
449007
31825052
8358058
556135
36316204
958326
74451656
50078772
3629539
50078322
648043
22866123
74451711
338986
3672747
11476888
518348
35751667
516308
2466577
2371067
55285218
430254
55422951
11471131
11471603
2043751
35856280
11476861
8358060
11471643
73766276
35751726
35751860
35751714
11476938
11471115
35751689
35869367
48983849
31878716
51991124
11471659
8358010
4287333
73668624
11473323
11476922
1586131
11473506
50078686
58710900
11473686
73492440
35751819
31878720
48755724
11476832
11471683
11476822
24429514
50078730
8358054
35751661
64452666
1686935
2067809
31878722
55289040
35764358
708748
710318
35896684
339199
49378843
11476830
13749899
11476910
11474038
11476924
11471705
11476896
11471064
11473562
35751706
11476839
35896759
11473722
31878740
22865519
32112212
11473704
35764294
66105295
23437264
51618173
35764206
7202873
11476855
11471595
11471732
2466589
35779601
27609372
8358056
35764334
32003225
31587467
44605219
11471753
707390
2502989
35764348
710317
55286720
11475576
35764262
2499745
1384811
35856268
55422998
2049071
35896715
11476908
11471667
11474000
11473912
2031261
11476930
35778261
31878710
35751758
35751780
648042
35896707
35751766
34752500
58710502
51990846
50322831
710303
2502953
50247583
35779493
35778245
35794151
35794181
23438903
707147
58710086
2061771
36711005
34756768
11476816
710397
35751718
6553773
2466587
35751704
35778320
2466499
35764248
35764296
35896811
316834
2026209
48755688
25205845
710376
3521353
2502939
31878702
2499757
7203139
11473478
35856272
35779565
3320497
35764254
31878732
35777583
55422791
51990811
2057941
11471691
11476853
2057145
31878706
31878728
35779519
35794143
35777514
31878714
707589
58705945
25205129
11471742
11471651
31878700
14054822
51348799
35778265
35896645
35896721
708035
58710272
73668563
3770059
73492373
11476870
11476808
11473329
11473405
11473522
11474046
11473760
11476906
11476863
11476878
11471697
11476859
11476851
11473307
11473339
11473305
11471619
11473820
11473800
11476868
11471083
11473532
11473648
11476806
11471060
11473488
11473512
11476847
11476912
11476902
11473624
11473343
11473696
11473974
11474081
11473956
11471043
11473369
35869565
54000318
31878708
11473588
51991115
73668556
11471123
11473333
11473680
11474726
11476800
50247557
35869445
35794171
11473814
73491987
11476837
11476904
11473878
11471081
11473484
11473556
11473966
11476894
566668
35751816
35751681
51348783
11471726
11473459
11476794
11476828
11473379
11475566
11475914
11473313
35778346
31878704
35869463
77753953
11476886
11471051
11473395
11473768
11473632
11476845
2499555
706959
55288850
11471748
11471093
11473818
11473616
11474062
11474744
11473656
11474732
11473638
11476843
11473417