315230
546201
1056116
420886
1586103
7720267
31878752
313653
315219
489440
2245283
7917827
7695680
7917830
7672726
59297392
2245281
7193939
2848369
531740
313402
10184579
335470
14016642
6824713
487829
526084
650884
7194195
489437
11471940
76198862
430252
35751693
338992
315886
489433
3337479
73841238
530866
462965
14113665
14113702
14016547
1586115
41375030
7822767
7194415
7194155
650876
10756940
7203131
3885883
7202993
2424615
7194143
11471836
11504816
7194187
1586099
546343
11504802
11504748
11504827
14016680
54021740
50410207
369307
10732432
74678346
73385244
516832
715960
14016638
7194459
73844061
11667779
32112161
11505572
14054891
546193
436131
11667791
516833
32222548
559681
11504721
715705
48892040
31587442
14016635
3745677
520414
2044377
44172941
35778255
6580579
11504779
7672724
22859913
1586105
29314380
715721
2027311
7202945
14016553
2430581
7194307
519992
73841232
14016549
35869514
14016640
2049051
10863585
529110
55287740
50076265
31825009
2441661
14054836
7917831
313444
73668814
35764209
7194375
34752239
574149
7193987
546355
73491876
7194163
6553739
520410
315246
69323339
14114132
23437484
565377
573836
11504798
73585187
2245289
31587421
14016601
7194203
706954
14016670
7193979
10732580
574392
424872
73300902
7194039
35896765
342766
546458
14016614
10732452
11504723
7194019
7202985
6553779
14016605
14016557
51031170
50074809
41375061
58710399
14016630
11625752
7202751
50239044
11504677
515614
2026451
489445
58903442
4302489
55285426
31516192
566806
11715933
25204335
14016672
48983767
7194371
715739
23438964
31878742
11504725
48755879
11504829
48983618
10769363
44860506
14054844
24594671
11471808
7194463
342919
14054876
490195
2469349
14054904
14113651
58710347
7194467
7202731
55286460
35777587
11505580
10732418
14273753
11505616
31895854
10755009
31878746
11625732
2026711
546367
14016644
25203939
14113686
11667724
44172899
11625700
565971
14016626
2245285
11625767
7257403
7194191
44172913
11667781
23437802
58903532
49182375
67966939
41375067
14113682
316847
31878736
55287853
3108889
7194135
27607732
546530
31878754
51031231
336193
11504804
14054906
14016624
3124597
7194171
66228978
31878762
7202997
7194439
2466475
710358
10732408
2499553
50126155
14016663
14113653
11471962
7194151
11504808
55285451
7194023
11625738
520238
14273749
10732450
11476974
44172981
11504693
952956
525801
5851695
34752508
14016622
11505592
14016596
41375041
7202743
3745659
559853
74451727
11505576
31516163
2424671
14016603
73766209
55288338
14054870
14016658
14054862
55287763
48755793
11504837
44173001
35751701
14016660
14054880
14054900
14016612
29355201
7203119
31825110
22866196
11477012
7202781
11505622
14016632
10755161
55287769
59287988
22600874
11715905
7194455
10757114
11504715
22875978
31878750
51990850
11505685
8849995
37666396
55288662
49182120
52678951
41375083
73668868
7917822
14016654
370006
339631
11667810
11625742
25002120
58710465
546267
14016666
10769339
49556819
10755151
7841283
2865495
520370
11625728
520174
64454687
44173133
546224
715704
14054866
14016618
14054882
59281987
14054830
34752808
14113649
520415
14054902
29356076
52292211
31878755
44173100
11505543
11476958
14054858
55288756
10754999
10394907
11505608
11476982
7917829
11504814
490189
55285097
7194199
32112203
3745663
7202773
35751764
7917826
3745671
44173031
11667739
7194139
48983967
14016543
44172972
14113694
14054852
3745661
1586121
58711354
72769295
14016616
11504849
50238785
58710550
7194167
11715916
58711032
11505582
11625704
10732386
11505614
2465097
4205801
73668983
7193983
11504739
315823
31878772
25201819
55286755
32003229
7194131
35777639
11471830
11504744
11715891
11505687
11471804
337704
11625785
48754970
2058843
11504729
59326540
11625769
11506984
2245277
3320505
31878766
314061
2466431
11504806
55288961
74451578
556076
49182100
20125241
11471930
2466451
313921
14113718
11504855
22867819
22859948
41375039
11471950
11504853
14054840
650941
11625765
31878744
3745657
314386
55289528
44173029
11477006
11667745
11715914
11471978
31878764
35751761
14016565
55288331
75991671
48984387
73585164
48984332
25205441
44173023
14016674
73300880
11504705
55286843
72769264
32112201
11625718
59282001
55285844
58710104
14016587
11505562
59282003
7194443
11504800
23010690
55288091
55288773
55289464
11504699
31878758
11504810
2466453
11667816
11505586
10754963
11667741
7917804
11504707
11504679
7917815
10769329
546333
7194175
14016595
2466477
19884361
35856205
24594623
24594685
24594673
58711416
55288263
55286382
55287826
55287083
70805305
48984161
337789
4430229
14016567
31516467
11667818
11504735
11533982
11625748
11667728
11471785
484674
59282023
2465081
35751687
14016575
14054878
14054894
26600976
32720778
55288329
55284946
520382
55284951
44172905
55285438
55287205
64452987
53258782
48983780
22986636
41375081
22985169
44172989
11504841
11505531
11504758
2430587
11715893
31878760
2466563
14054888
11476944
14054826
49915975
7194031
14016563
35869380
594367
3745679
24594790
55288389
342109
363328
14114130
48983976
11625730
11504863
11505714
11505681
2466561
1384871
14054848
7202739
381627
7194367
7194447
35764370
14016571
24594724
48984115
51991072
58711206
36316131
55288769
55286563
55287171
55288604
70805143
58903526
55286586
58711360
44605242
31516344
44172957
44173050
74329935
73766330
24594658
2466567
11504812
7194379
11505634
11505578
11505527
526093
7202961
14273757
14273761
3745667
31855029
49181776
55287900
32221962
73385234
44173052
44172983
41876157
44172907
44172939
73385217
11471842
11625706
2424619
14016572
3745673
2469339
14016585
2468959
14016544
55286881
55287598
51990818
2441493
25205028
314324
44173088
44172960
23437598
44172968
44173104
7917805
11625708
11667705
10732574
10756946
11476948
11504781
11505529
11477018
11477004
11476980
11505547
11505677
11505632
11505624
10754955
7917817
11625716
10754989
11504731
11505636
11504750
11505658
11505726
7917806
10732582
7917828
10769221
10732566
11504685
11625726
11476994
11625724
11477008
11505728
11504727
11505539
11715907
11625702
10754959
11505606
11504833
11505620
12269645
2466465
35896799
11667712
55288153
35764200
55288692
11667699
11471956
11505600
11505642
11476954
11505590
14054860
35751732
14016581
7194471
24594637
55287234
55288621
58903589
11505654
11505667
11476952
11505718
11504859
11471924
11471918
11667695
11505596
11504835
11504857
11715936
11471761
11471896
574348
11477002
2466521
44173116
35751768
53806158
11471934
11625777
11504844
11506988
11715910
11505574
11505640
11477000
11476976
4205811
23439024
55284933
44173137
11504742
11504681
11504754
11504777
11505733
11505555
11505720
11504762
11504794
11504865
11505722
7194027
3745665
44173058
11476972
11471870
11504796
11504839
11505568
11505594
11504770
11505557
11505675
11505646
11471846
11504737
7917823
11504764
58710962
44173112