41319582
43107185
55930758
47868431
4820975
22364222
21921714
42299204
10735333
67360687
54478250
25764693
48607273
47030777
57306146
4092401
381161
8021522
1760987
4688897
21741222
26432268
32453547
59271667
19763768
23068516
24766023
54534507
24343930
7230439
26024733
16420565
10709362
26434415
17589287
11858913
21068237
32923633
9839803
50240540
69192486
5452277
35259667
46758948
16420605
13984365
5899427
5950363
41160563
7176411
19763559
10062880
17998313
47488413
6478415
423311
36368474
414703
32705514
12238762
46172558
20585805
55540770
71513880
75696942
9488961
70799822
72913605
13858841
415071
74610299
3018149
44213819
21176086
74829862
50193517
683666
37487298
18005129
9679946
15266469
14497415
4364947
67827497
3222489
56525566
68769369
19583872
14578165
50598485
646649
415050
25648528
7546725
48483836
2416333
58271504
33078123
11078510
57116483
46261180
20806296
55467693
58133783
1676127
48492517
24596629
57309569
19913840
73525587
64332586
10716608
606532
28982293
5849615
10756629
20425151
5503587
21035641
32809813
7783307
4688661
12357776
9799302
73641065
26305965
44772856
10708182
4713017
58227863
6934901
12236983
55585425
22093519
30886874
44820374
59288875
3220933
15347702
14845231
28326201
35795143
6880747
50569192
27562075
7518567
34979619
25719489
2546979
52297633
49226767
1498487
52472582
53096666
15927481
45390331
5950457
9797918
721584
71043508
44887514
17618382
22635666
54023404
24913465
53895945
10006134
52289366
73250070
3672421
14450158
57694501
8387060
52497383
44633444
2184775
74381349
52251276
37551765
461038
58986461
21193149
20053400
36618600
26103566
6568615
58388194
31001562
31685803
20737732
66925961
35328686
52213168
13892182
12239943
74500335
8826583
16258285
2566051
27777121
19986875
72556060
35597748
53683384
73612703
10644571
10762080
28326998
14450065
27147619
71663942
71087291
4688759
2533165
67457497
45869877
4713289
23789300
22362609
73100602
3972601
10001479
54818426
17635649
66117818
68460397
20712070
31204167
50562851
55410457
25402524
2419567
50429938
187278
20199631
24830860
2566045
44801520
23889132
46462092
38089568
16458389
69220054
467462
16890708
17686592
45437829
57306483
31621490
495179
58262987
6885293
2596899
32189703
73476077
10690670
12321426
72835956
25231861
7634857
47507712
52069061
16626395
5849439
5899501
7855366
58002233
15541681
15971921
50586067
12404704
21329314
58502959
72781977
28754687
68200288
57742831
48430140
7932267
5839337
8090713
7089529
37944329
28527933
75759411
10866806
20586805
22048214
10002068
10138000
45339653
53582482
817776
71211961
66958647
11370580
4727509
21022062
14072222
15596190
32708225
56091680
57750621
42303061
53997901
53226438
14439082
415060
12379747
7634494
71151380
22082835
30987623
55731368
72798370
43351530
29339417
15597935
73640620
5801059
19992185
45123323
56250119
15380161
12389711
52774378
10020487
9996258
10725778
19374087
9992091
33115720
74381816
14104437
7077177
9824320
57654514
8096306
5950575
28364394
26068118
34723316
68242940
9976235
5524473
25292548
594788
478020
843460
8321616
58366064
16963971
14071985
10758876
69149307
11308022
36240066
10690707
4727887
4708475
20583267
19989121
59085882
43107996
2416085
55934345
58958936
13406602
40823013
11856185
11516508
24281353
23852057
19285818
46729607
12331769
44244163
48304526
24558526
47620990
14612949
7362171
4707723
2566013
22362836
22473627
4707367
42003599
15287960
71325836
6921779
44681013
5899509
576128
1908869
72045167
49723111
4877897
72920029
64434112
37530700
36652304
48592245
14260356
19990101
21442742
58405493
13583766
73887824
20589215
20424158
31169861
20425156
3072473
27526075
15304512
921244
48184433
61818978
39325978
14536798
41384708
10334523
53572931
13406653
461040
33722520
8715377
37293702
57841945
24299645
44105433
4713035
77035469
15351864
68592171
25498531
545062
48118056
73317202
15927962
7017509
43665335
4442219
19884568
58666606
10719006
68417073
16717623
950452
46650998
10719040
17919303
7145663
44892063
57652540
23410417
32021463
6715805
8189174
14372277
5895559
47312285
54769146
8646015
14104450
9986769
16533906
71045829
8729404
21163516
4755347
4688757
43048676
72655301
20319288
19767845
2566029
54023421
41819516
27946536
54450887
21190495
11883999
35302338
46562707
545311
55517153
42006873
59429978
454832
24595414
57789301
67332796
5899299
8490477
3770729
25380555
50570089
74928525
12391802
14142567
7252155
11237747
31656752
35270555
15669028
67625043
16460956
847472
54023388
49729246
72693508
59405444
21742437
32454377
8819557
26702666
13407305
10026885
4738525
22363766
66375684
54585483
14261773
52220154
72655539
67845003
9982809
38440074
21973916
2547015
6921775
25405360
25761647
17616497
16556339
4754815
32087378
19768112
8021214
51733928
3693491
7325021
26062659
17923513
19986634
15426976
4689279
642648
11370697
11782132
551264
12565816
4707761
14815404
7521343
16555172
2545821
9130105
61899363
53444660
57811160
74893380
711112
26294287
1751291
11866615
8406093
37935420
6991111
51737821
54663477
49863949
19772917
8201864
11118211
57043336
72798721
21030723
74897040
38103802
58977589
6911653
23308727
14585382
24736190
70101238
8460274
35951327
28240413
56025743
4155759
23566988
55035537
3597911
13992282
13607810
8130811
33943919
24639221
19920071
31554262
52324969
11245618
2546983
57657446
53327198
10108419
43776278
7156047
48587009
5899493
41265405
19339462
15267455
594697
51844900
817884
36909167
57291342
4727345
56020795
69382515
15827657
54851366
17015995
14258477
56309551
20498732
14966475
14144660
10762829
26094228
16378757
12672231
4441419
8490405
1602285
13410814
8275325
72655753
56251340
7156059
7156071
57624790
59471172
21095699
426292
27856093
51063611
44037690
2680853
10000005
72631738
56833406
35722087
14088955
45314842
10001012
7921722
65790411
33158589
3307269
11583625
49724198
32346702
10368911
32246702
33748673
57071523
8431431
22977780
7184851
74932314
35302658
15271601
58039891
44007386
62370482
51693844
14272904
7017323
56498902
14365016
833464
643726
52236758
55406079
2237821
8304191
20500323
7708661
14470986
6703629
53723018
5849479
55349072
38130250
2682881
10206715
53530882
74981880
24002048
8877900
5895541
4877909
25731976
415086
54096839
613193
10120026
14104460
53266115
54477810
2547027
15392441
6921787
39308506
55960558
42272602
55981629
19763307
48723185
56047002
25934513
35948040
20244830
12990640
22988508
10067429
15665035
50091717
5849599
57887358
484372
49858514
32833167
1658927
8716929
36768776
2343087
54985366
52627677
59608615
26465463
68455358
5849307
57839039
16342887
458357
55390064
50078133
50360052
36024549
5866499
67386517
55354528
16050746
15792427
21615884
16988898
15132981
16050762
33419303
21016360
2020929
66940247
72207277
8582544
25723115
56451960
4032669
31563944
57730666
66385255
54479836
10708444
2246537
5403959
21085893
20359638
57656513
55522530
74513394
41789944
2383179
48332140
66698487
55138000
24969443
7635165
22222592
55045200
5524545
23413669
5849423
45839546
36947382
7645111
9733212
14241256
25273762
21731970
48291555
4727349
21466802
13697766
4822767
3756391
54395210
14241258
10751487
44014086
67694435
52715468
69387401
73467036
66689432
20263296
72221412
40823887
1074044
14803087
68447735
22342062
11385902
10716637
49504465
481759
19351442
2934437
584973
540029
25081207
56305092
24166638
21285008
44911333
75640644
6663173
1530451
72457285
54020076
41499593
16645022
20958295
32836957
53519932
14143237
76000020
72638706
1501767
4713209
52726835
19992253
25746302
62779705
26664755
35260971
9994490
76364920
55795733
55539215
15633267
4754787
20260205
73338561
34582020
52355000
26693825
14174342
12362456
7093365
67271080
22807057
12723921
72687807
11603397
19577881
9961902
6933309
21221639
19419833
4712689
2891079
51466982
15096383
38519367
15675505
32937260
46183656
15288005
20076325
50885326
5199319
4433401
40038695
68343968
28017110
3140619
52336847
69625196
72774323
32057976
20764432
51470490
52069178
9804000
52673922
14813180
68660982
38284834
57876590
54023400
57512983
16206077
7388523
2545829
25309442
23126129
38103076
23566124
21614756
68259526
54455779
15079782
56090683
13730775
4739963
24155057
47309064
15675398
4755095
33157215
2246513
34477918
20025472
35565886
6999681
50586365
56999311
70527320
68535455
21742830
17915655
46158354
5866369
14786776
455877
19791127
25107816
14270619
59304184
76100660
76359542
72752993
16047845
10086966
13176003
36184052
50587112
41527610
53699626
4688899
14061331
22169086
10808639
56995621
54560292
11331135
17041927
28286433
72627633
562585
29162734
51567611
44841778
950402
14088954
38606217
10228343
10103643
55985257
52668372
4712957
6710017
34575579
35195236
627687
14088941
46218120
5849483
50172252
7152321
10122602
71907846
75517534
33805583
71907557
39096402
61280865
5899257
52689273
4754835
52022281
68660154
9687395
54353418
59478534
15797692
69905435
50272868
59508642
17912455
19931032
11204813
3428603
9670444
15509588
4727611
76359644
2533163
8366151
56026810
10806848
20504886
7327987
833450
16533926
19298446
24442797
50565962
54880688
13670608
26224405
9423471
33851402
16057238
19860254
73769161
57970261
5429259
26086393
3035933
22028247
3480917
50570683
6921813
15718041
14567513
75986027
10144802
13672861
50875962
63080451
57719732
21201739
15678061
74882210
711323
33031715
14596529
49912593
48429836
73986821
59409400
5403665
20500471
7886763
13979735
10806582
50875970
35266279
68771432
58887036
11601917
76596649
10678416
34718955
14088969
75356672
5866585
72215862
22765751
60667794
4738203
6649989
52005305
15250235
13939787
35195553
426320
73329078
6479167
4688611
14875700
5866569
4712555
36824688
22383648
58978540
10928865
4708511
14258475
74218933
13677409
2508009
49411968
49992057
58869495
72454862
56034789
72950435
545377
10979816
64325731
20425053
13685025
58696219
8014095
50586542
31263500
11048947
11631975
10771909
55409719
7708906
1500863
5973799
32210925
57471833
714317
75831435
15287914
72515115
54391137
17926831
72454866
4738285
44038577
15304526
45132616
34631218
4708387
55638298
15410431
67448076
58729250
5957167
5895769
6286725
23288812
32855772
19986509
20583823
454834
8198256
14027418
45805979
54510288
68222196
32031589
13458365
56001712
855036
10718989
69218707
20545627
4707927
6934803
12690482
55208925
5876297
67694430
40957548
38517886
23839834
55510736
833454
6601243
20917971
45651308
15374121
47516974
48269966
67730372
2794703
23207461
67983853
6677703
6921789
14374967
76052568
49664493
45075149
6622511
20352015
58453619
716466
39101173
74164230
55200860
2184773
14494128
54350569
4707531
35965585
45830277
19919838
46107871
47328195
50113322
50466140
56929891
31186206
74219286
27772894
68410288
4755373
24947228
4688965
45024015
73121173
53048757
10735813
24897017
50353748
35967847
52341716
22019747
5859023
47485037
25766871
44003914
16461905
7478921
19654502
71066544
72798141
64280200
4727059
571151
72555250
55651939
600740
46134416
4160197
4712749
38133974
72799732
46171066
12478319
37299645
4432709
23418202
36061807
5524521
2508067
41880768
20971675
58661603
24605730
55337981
10771677
57484728
469610
28619066
14072065
950424
16558293
8363919
41432751
10716498
540015
22492463
7709070
8087017
4727655
383186
44842947
15669084
9834210
54006014
7538805
12676479
21754344
16386469
7776843
32854279
14241263
13406090
34342393
5849431
15669226
10765972
2570681
76287527
75343037
43891993
35413734
10393279
24984232
16558294
59054246
57858057
19899003
10709723
999538
21771281
57720164
58373975
19988255
22634234
10187480
4689097
19890510
36047197
20410431
10381179
23304368
6459117
15271640
4026423
6827919
50383572
22634255
5849315
71051342
26939050
43980474
4713061
5895553
50273712
61295748
25678611
73828346
54510657
426872
68236121
8647152
11221819
4712527
24998517
915366
22092183
25933898
11804215
5849419
59298671
8711355
19987491
51667740
23404280
47878225
4688933
20996983
42519905
642650
10160661
10032923
70130149
57641967
24745201
17461658
73730421
8431354
545353
36487634
7930672
13407803
4712935
3424483
26293477
5899419
25732649
24245085
4739875
50350182
49375154
24154974
4755037
16555509
53227580
16014872
10055673
14902487
47258105
5866571
54616658
551046
50340944
10763053
7645115
4688929
408195
54478915
50512996
5849817
4712733
14207714
14088937
56416440
48118051
15666817
47878241
73157695
10849494
48316743
8189178
71987863
71293311
13685904
59518944
16047847
46130139
57400166
4713509
4708397
21174873
14104463
53653435
54024076
50014370
51615350
7589206
59411891
39209267
2546987
35566894
15304484
14053433
21200154
55961545
66940778
19775193
73199615
56258018
4755289
1658911
72972896
4739193
358017
72036855
76359887
14088943
4689179
12652241
11223912
15785157
10126962
6954297
909730
73654702
58448352
42749111
6934925
21567228
5899219
15851907
9805906
21126896
447489
56203038
1206119
26339198
20628730
4713213
4707719
20197653
43776843
53735377
1206859
21551705
21035065
44248983
55210175
47877610
594767
9990028
72773333
48124889
15927453
43869097
25625706
16463296
76217797
15083433
57887356
3428589
58037023
21854844
5876577
8160144
627682
72796461
4727049
50325750
51690484
5895571
24639205
58808241
7543201
36770075
9950764
9862136
788440
44579109
5866559
59241921
72630411
42287323
14088942
40024125
8417273
49515597
6954163
9793682
69675476
31246395
11804221
4707973
5899187
11393558
5849427
33006120
56855718
23447731
12391035
64450001
68620972
3307357
13593871
22111650
36026832
6906625
57468880
54006009
19471268
73142603
9890218
32841604
69752008
56248303
26488114
13751480
15669197
4707773
22367007
50395368
44875056
2227391
23291246
57789472
6921777
55351641
9733941
57045100
10603363
514376
7533005
72754256
20531625
3080785
469909
14957929
54510756
2533237
77580843
4754861
25645227
21469620
502643
15149867
49758145
7234003
4877895
28938685
6934825
4156771
51965694
16675354
23061868
10369580
950416
8516784
36788005
16565141
72970029
46134868
16533909
14116498
54048130
54852821
20689555
12316917
5849871
13964111
5859029
23185106
5849631
10102111
16605903
15447191
548593
642645
70773631
4754755
15333000
3482321
2533161
72642504
16689952
49410516
11851073
19883788
14268248
22427331
10719669
27978233
19988260
4713155
70771053
4738459
7712091
918136
11392379
35767648
32694842
22194656
13583768
11244526
7471247
11603399
4727041
419779
56939825
3597905
23302926
31011582
10771701
72487919
14874788
19774958
20688267
7464759
57040860
14088950
14901551
14119360
58808132
16533900
5454803
38357185
999842
4738353
15840885
4739951
850588
58805539
6933317
12567651
57003675
75340495
54023423
72631549
55358041
17598446
50336007
57719709
42885027
53401965
24084715
49717337
25678521
11233096
15212692
3231207
39307959
545228
38086462
16994264
52067171
57788161
11491853
833460
74196293
9687455
14144756
13458181
21187058
24029488
74434134
964365
24947226
5503583
60724075
21088737
22651285
55618839
49375000
19394583
70766052
19664359
21477656
59371656
71090736
59381719
26666075
53274955
4707303
75181493
24639225
22299294
35329565
21860003
14082434
4739137
10000738
7382365
53497247
45871831
1536255
50383566
54651381
67211494
75486502
5524529
56047961
4713313
74245919
23502724
44041842
32724832
76185346
53524053
56260372
1829725
20262950
48056733
5866401
15914396
10211141
6909635
10771896
545266
74463177
58458143
48118025
32038170
4739299
52124956
7805828
44095536
7387065
52069247
20502017
15288058
3597899
13879077
51297533
48442316
16258412
19578553
10646803
23569908
10926021
7439933
35195232
3597913
10332614
2547057
50367318
32528851
24946939
16220232
76221812
50308662
47503921
33498449
5866527
20410417
54878321
2566053
22568380
71669561
75378201
4727677
51003095
2545779
15213299
14992033
16342929
4688867
1206387
5500969
56969956
47329184
4155349
19908232
74890888
23838887
74311676
41222819
57788888
46106871
55712649
23799148
57042843
68454398
14241402
50765168
21087884
57304655
44113428
73589591
8095921
57437928
825520
5524457
49989529
16777932
22610647
14175870
2547021
4708413
20366523
23260128
49515948
10086737
19494327
15304486
6933027
22627857
7007145
16205976
4739333
414881
53276329
21071104
57509877
14301192
4688779
28079582
3481991
44914529
56610507
14104462
10735211
7640902
31265463
58462929
55398326
19733869
46182841
51295998
5895803
72881696
45300630
72844272
36454182
6954161
4712553
2533249
4727333
10119685
19987543
48428913
66543775
40774656
14104442
13755844
15339017
2185651
4738361
24606309
68481090
5849471
51246940
545201
5973795
57650811
11911427
7855070
31189756
6911481
54294752
48844715
54433799
10848421
56365724
5895529
10368894
4707809
19891701
4755129
14867785
2566021
22365770
15250606
75948557
4708527
10375024
66380931
32835768
55802639
4727085
478056
7801273
34880366
51375703
41984680
7840810
67548681
14053449
46689242
35906786
68453667
48540434
19988273
74769974
50064580
5899399
44806286
35171810
40667134
10768413
2547043
14367656
16366879
5899329
2345695
38359226
14266852
26314785
24639217
4727827
21161273
34273796
4688683
8581733
74914030
4738457
7252927
70623929
14434963
20689559
4755099
14053455
4727737
21847399
12889334
14607925
56514247
4740353
2570609
10695266
4707471
16379023
14494122
54691030
74309062
15287842
59299797
11220497
15304427
32003507
42288524
52341443
75514029
38518525
10699157
63261228
7755044
54187004
9985236
56225043
21514258
58615789
31545580
56071179
4727019
14241262
14053461
5899173
7263595
13749584
37268903
60143788
46689487
52274772
1418847
16258146
49989413
20278186
8649876
442632
14349619
716429
7012197
19565935
67068862
53868052
21491974
2570657
51987367
35193838
11388785
50572785
25753037
7464485
20689575
6934985
24737037
2752975
4169825
54006019
19988259
14786886
19988253
15254422
21309013
48723051
72891224
4739307
7249563
4727065
8087165
10761883
7471259
8134761
67350189
14104438
5866521
19911305
58617432
70608490
10119257
72688951
25621506
15209806
15669023
15079786
2545783
55503517
11336805
7564181
52846319
14261761
74539515
13895815
5524549
14175871
21476640
4755139
2387767
28535439
34509537
57315763
48952789
13954213
14471297
14104452
74891225
13607861
27657386
22172292
24801309
9362811
22367634
6554835
35843267
67451728
49410545
41237198
10709525
34743441
7617487
66898383
12411601
15448846
3307241
8194256
36400170
10142998
8406087
4688997
21825698
19532856
16572971
55517270
10771907
36677134
6911439
29254537
15304391
73174713
58038354
54631360
36241278
73312877
8307170
16533920
72008860
10847757
14331750
72226716
72885640
56629619
53521897
10772612
540002
7252755
57721871
19864794
45643142
2642995
5500893
54609274
75700982
6934987
6934837
833452
7530741
12670788
34273180
14272372
10118840
14053437
46136124
4727285
25748919
33233535
5849791
35722965
502153
56417191
55614647
4738253
13855862
4708421
9975567
14174340
72531988
73194390
5946221
57523156
48654129
10279733
4738207
5866505
56637391
40980410
22508684
34481875
49783201
58339314
19775007
14261739
25920359
6843741
2547041
52668170
19768606
10153293
4688909
14436757
45805998
4688845
72633571
15335986
14053441
40984048
38115363
11219516
49226774
24003608
54456974
15845170
21477862
49550048
5899199
2547051
24168021
4688647
42765293
915336
23479166
13309562
41372975
5454785
15261505
15833449
24964530
15304510
4707965
24843260
74955825
7306517
7617369
26945880
23803129
31186215
16860824
43379955
28079545
52339498
4712909
26086283
32102590
6991821
4739681
16317234
19482224
5771227
21497929
5541261
10398044
14421313
4738467
11803804
32370865
74177938
14813467
20248734
49193439
26708468
6911477
21879786
57029872
10716863
26700976
6945773
57109358
48430073
7645879
10772570
50692103
4754911
62333164
58798162
74211530
72103316
72748833
49402568
7471335
7535401
4739335
10331559
6906301
9372844
3480603
46119538
49375203
4689277
16025594
20579083
33178658
15447101
37670637
44016575
57437733
10206434
10771683
58206335
7338441
8189173
76103258
5866557
67540053
4821637
28079226
7947689
50699658
15332992
17142465
55578823
7240827
27611909
7074607
70013461
15250253
53692378
458122
42094388
31186275
4707925
56375851
16610851
10032772
4708447
4754763
14790462
50230880
21089693
14387825
2934431
4754819
15091878
57049049
67055872
71928721
46817555
77330687
54749678
35966662
23475404
74467095
43810181
4707311
42433979
21191258
54782029
23415553
55142887
4738349
34612479
7392727
44324922
60069966
45150807
442631
56320903
54345278
25919591
10848417
53008875
66828378
49193195
2951709
1075460
72687661
11340644
21107492
20340441
67095267
3577407
15696465
77149926
5895577
36802923
5876137
57053835
58162254
50383601
33786600
37075878
32306798
584803
15669042
72558737
5403891
4727171
39377346
15669032
57346652
5812505
15303330
15490373
14088940
7144625
28736848
52312442
66898616
54023387
49498419
71099442
16829272
833458
20644955
68821409
74176785
46625721
15722266
73203797
46564115
50875950
14494146
10145233
11894867
12390806
16556346
50424480
40496377
55955776
25164931
15257453
5866409
37155769
71168877
13896709
44814398
12483068
72454868
16565512
57093112
16563916
51029559
6933321
15158189
74311866
4172283
20499019
51530644
51706947
3428601
14203478
3307279
56627384
30736500
57653821
4713193
847474
31142366
73601740
22507034
72684916
7711619
26661652
4172107
21089952
50435961
16563972
74825565
55984922
59396183
72459715
833456
24914979
4727203
12744325
6911637
32314355
6933039
48695661
17594807
28733726
74863732
42662737
12319943
14260360
47600942
1938013
20866520
10022876
26036688
72745244
10032041
4738439
14993382
50875987
74301437
24754040
75302081
9981613
74391822
23838438
13941878
4707413
45570765
49994410
50571128
31186265
4172857
38356977
7824437
21261960
68775913
58617330
21128660
15401967
5876301
57642106
15588470
57270254
70107820
7617345
24267314
54763269
23270945
72117441
22510844
38056200
33495948
7734290
4727339
9974928
15401794
74458149
2533199
50383593
15633290
4877893
20028905
31110550
4689473
51261951
24267310
48324591
416934
11223731
15303335
69641888
16533904
504215
33124967
16831567
21091518
5866625
24987722
14494130
33158661
19988263
40833794
15412825
20151590
10603309
16350847
68823800
14471303
14118511
21044330
2404345
70001859
9804622
35179700
15250209
7521387
833462
67863664
65576750
701658
75979455
22599534
55613701
7156033
29968178
7828754
867104
7755047
26144643
56261677
5849367
73606073
7253209
999700
38359673
73679328
74860495
1206291
56067929
10056670
23022311
15851291
5895547
10595679
50469265
459015
73655764
26704119
28739051
14272993
74240825
842610
25403572
9982422
21488189
10370048
59697298
20957842
33407903
16366876
3769681
22857246
74219646
10595806
71328741
442648
34700443
32933038
24897019
23935250
10086697
36028581
6934805
1530075
19988348
4689327
2320851
4707709
15927442
49126639
6640299
16563200
12672055
15633287
11803794
15363615
19890061
31885417
11222666
24267316
25155264
20787243
24245087
57708492
48263888
14258479
22023133
71106062
16256119
70774508
14647567
10771681
54751033
15287826
58261441
73842905
43871261
25300841
24443877
15375941
48554942
48718745
15258381
68080648
13583770
24538541
69696085
13995815
699490
26052054
15669066
4739053
7991694
49285924
5849965
68448723
41215125
20414263
39718575
6911583
69845918
10771777
60145709
73354486
13584090
545323
52284234
51419584
4713505
10038221
10771950
15927494
44969170
35585960
42435298
6934921
15936209
10771745
40242148
7527307
16533948
17602249
34399086
32931352
47271225
10116636
16048714
14789413
62661853
42715399
2533217
36277130
7772079
7237635
58935078
5866631
17783779
38130777
54626602
14996833
58038889
70772120
15447179
54608399
57443375
15412833
5866433
55812013
15374187
22086573
6506637
16872411
15288066
35231762
5895583
15374175
40540455
52846921
29056845
7645114
10001964
4713319
4738325
15672113
10194912
20872392
15669129
9323407
55599359
54751367
53706241
15250291
40863975
46607972
19911464
11732794
14378459
55727844
28153584
21181874
5895773
458363
120562
5844475
7586151
14996842
4712953
75284345
25319732
65002165
47074801
74218697
51008246
14174330
45493148
20206331
21191765
19554406
15470078
73669362
33341940
5876269
42648338
21754137
550600
25456132
14321692
2531173
19987009
10379586
8044172
55919693
14053429
24737052
35155242
31186289
15374169
75325770
52386459
19397937
10595828
31516175
73841623
7763570
57269609
16650694
11576314
2152199
10595812
8396023
32649468
13971399
6921635
36483622
35578347
26091489
10680801
7190759
7527151
77015921
56376371
10771713
733390
5876285
22077967
4738211
7979507
51710457
21048642
35242719
15633293
74311609
37121009
24200491
45442291
8454965
38089386
23417162
2938785
60153569
7615150
58393266
69193644
15214329
4738331
20611917
14104449
24897030
543834
4877903
68282469
10371533
28323696
74932646
22072873
42336898
4738883
24988912
6910303
68584747
10771754
5866421
25088485
7938841
44715768
53978130
21045309
5849455
6622515
3178371
73785490
10771770
53832851
21244053
31063502
56729064
35239930
10771978
58852284
10023288
15363614
20100017
70804715
4707429
14434945
42622819
56217461
21126879
14333818
4688655
72214887
56340842
642913
14996846
7181877
56046199
4712571
14494152
9799182
16057149
14681569
2480351
2533155
69671512
15851320
13956356
11182336
19988277
52852957
20859842
47381638
5876101
4738345
4755167
15830568
545391
26086590
15250241
4707921
19531215
22634220
10031556
918308
5869795
15241807
54762840
50272864
75766015
54023383
15801902
8742608
19830596
67201957
5503579
75709277
21334527
47334556
49003965
68240576
13677452
15250424
10771880
10771679
71203784
21369758
14432477
52278920
12040930
65475129
21677209
15287989
7156037
70771734
57722446
5981637
6911677
44599403
15669207
8458339
55984779
68777851
41099490
6934889
9992413
40430736
6625543
15447086
9975571
21829594
14004087
15669195
21126885
26087099
16257969
16256035
34393948
24005159
28105687
56017934
40777585
3642417
22513903
24907496
4708467
68824420
43869303
14996844
21265678
9871034
50348628
58039815
32844530
15287912
21482306
915342
16258165
16288616
11803800
34743673
25404970
14494132
32215399
76266832
8053098
7531507
32936529
74885463
3318133
4707243
55855701
15669653
25653828
71934828
4195015
8095360
68502663
17616538
10120661
13461376
9793071
14272376
15256079
22161710
545341
4727325
55985660
6933007
27772186
40429496
7958791
5907075
9973655
21373333
9808573
7579449
5866523
4739281
57050306
7711308
3599105
6933113
3428579
21091487
73983280
16379017
16563183
16379032
14381948
75589828
4712857
4755075
21238339
9442791
4538229
66724181
2404401
614109
54608944
71098910
6709645
44841823
43184690
16257941
77241812
72652629
16720936
31186344
10762285
4738423
26704121
52317446
75360735
8862270
53246239
20857707
54830475
56936788
24495213
6999839
69748829
36948977
16342891
19557693
10766362
35263172
6909825
758278
5866493
14374861
73980529
2293075
24267312
3318193
34438840
9948338
31186293
15994564
17633553
15250716
25930324
58246873
43709690
49936153
40308940
20689571
15641804
21498018
551265
9805730
26738099
16533918
42785894
23462917
55320027
1342627
5524537
25754692
23462937
67422473
9985362
15254447
11858358
22386028
15374152
76102613
76057235
14958726
50585488
4727073
54351640
6911483
58001664
32693683
73260692
19852928
16563906
10771835
26312759
16047728
2926741
7016599
3039837
28225326
33117760
50276938
19355755
36999883
540042
7248497
76300199
16258025
45351133
14584468
15566163
34757864
854114
53091072
72941054
2794867
55912064
17056998
10117845
6663499
53266169
2533221
14791361
4707569
3332373
3318147
642911
10125892
71968519
72652246
21218443
26703004
72026538
24495643
11242852
59180513
14007533
68630081
73955650
47301476
50748729
22112178
7471177
20029203
73258447
46276463
21878435
4754655
59400957
24561885
56032737
6934905
36283927
24494354
59553444
70104185
72637060
41502230
63162584
60861675
15287932
2404383
50958373
26293596
14258461
540038
20086317
22367868
15287977
58406348
56902515
55524150
16231272
45312909
73605726
20689540
52271303
48092162
10136067
8643650
3072485
10020152
15448372
9805703
24639232
10771737
867034
72182554
6625593
48262071
53447078
57685479
24343978
12208225
5840477
5849829
14381950
15444052
36991276
59341748
10377781
21188835
31647358
5981647
518104
6933325
54481761
13586637
22417241
41062737
15648700
9973612
58614371
43127099
469912
5866437
10368966
50804861
50452864
20959916
58984214
2485667
4713191
5858909
47719430
41570907
4707329
14166736
39307460
39323860
31314426
12320570
11806960
4689209
37725133
5866419
41373206
74404088
58292813
15250546
7156099
53256390
59549545
75995160
20689534
6487277
42432272
545161
58933046
33127436
10771749
24947610
15448397
71928841
51536660
11217270
54448446
54051293
13856743
16561805
5850093
4708375
22599292
57857178
54460049
16180016
25456605
9960335
14241430
74892416
56049472
48445420
52105442
57711637
68540931
4707679
560145
7937281
14804953
16266202
72558920
50419827
44820509
31063806
53698456
72759083
3318153
10393258
35108983
17592391
7308663
2547019
6625519
11144969
14038703
50452860
50395372
23701647
53293926
6933031
58008227
39089571
23363587
52575210
14027256
21180800
68447165
26708470
19831072
69192563
73310006
14494144
76055102
74893831
15287920
44351790
24897026
16455891
1658919
25203009
22974919
21051335
48717728
21180711
917728
4740349
23090946
15287975
2570655
846290
14494126
10917269
14053439
14333822
49882606
23481343
24946931
6921805
1658913
518089
14940466
14261750
21753713
16178182
56995871
50272865
32333588
4739083
57044115
950502
51108762
2546991
20209538
61907972
77232839
45540124
73318912
4712321
442651
66828799
16287729
4712357
14053423
31568893
53991001
10130926
51601252
49157775
73242576
11107842
22761940
5981643
5850109
41232048
9973603
4726975
49884231
51264685
17560499
21334410
7303499
47345787
28740253
73202806
15675322
7519059
7253235
22765246
6641391
54654279
15321490
15851226
15937248
75356173
72685998
4713595
4727605
5849671
72800133
16895060
50766777
14494140
26570034
58189811
2533175
68449564
16059207
14970083
19532845
50703980
40214943
72849098
7538173
14791488
14261737
15851211
17751208
22713504
34635814
56859238
67067042
275185
8330437
2566031
10691037
10771781
75589936
71168351
22608091
56513209
58366441
22756323
65000788
5946213
31645383
10772546
10240573
24193034
3428585
32147670
34351167
49157760
11448972
54454981
16287731
4713287
15448376
54399906
4738389
5899397
701667
76514147
14027258
74529769
14104439
10716684
7031257
34574906
52341808
66824886
49995373
71361499
19984497
31186295
58814306
47579032
15851327
2570631
7955067
52502125
14965910
19988256
50075751
16563169
56605170
57732200
7087919
4755407
6166389
613908
3231241
16563659
74859022
24204463
9984900
15250550
55987748
14051093
7186821
10747985
2567031
15853270
7776231
58973593
47504239
52104699
55617977
8096337
23468487
24641206
12121646
24987191
74211448
71510509
26693253
50550064
11219795
15374135
2564491
50707721
6945639
74212084
75994963
20857695
23451938
75959904
17452393
76078360
2564319
24219520
29173831
785429
14174324
16330535
75946157
15669648
43714556
758267
4707495
5866591
5866555
6933125
3307307
15663123
4727817
7250287
7308205
47504370
68018827
14469873
13798842
20621158
62329130
38364371
2533159
7353603
24087039
7186813
14104451
14104453
17470243
47511335
56595373
17467871
14972366
24360271
54853393
642873
1658923
7989161
15813283
69192725
50391461
4727701
47504403
10678413
20582012
5895463
10033320
47144070
58439134
55482351
53294032
540027
4727831
40789942
14936785
15446914
21204548
77031435
56340616
20996396
47277282
7250077
25536321
74462995
2533171
25919457
40577024
5895805
37284683
22765363
24970107
19988503
14471311
50383558
10466031
11886710
73320834
22169117
74882273
5849463
5895579
9956662
24090350
67858672
57442728
22010149
49479150
14258463
21534268
4708407
15256932
14494148
6990697
73532511
14431114
74883175
75516411
10714777
19988269
75331197
75400073
72789934
56514345
24970739
76902413
73543162
6933095
8096320
10771779
11446176
26342702
14688674
4712595
55714573
14787976
24223426
6625531
35952920
55255058
43110502
10772004
4696485
10703763
9952770
69359486
47504664
41588569
52853334
4754771
58172538
6933301
52091130
6945635
12109405
14241267
15792683
58464271
50600150
15250722
7352855
66486150
66113255
24044046
2570661
4688587
70798391
14354880
5895517
43389092
9821032
14434965
14788763
13879076
57106519
6954173
58448788
54889687
55483212
43353325
56589703
848122
15696464
14179972
74729566
15250548
8326523
58617515
7467103
4707783
45539085
38362671
58001846
50395348
14262993
4688637
15691279
22139661
14434298
50090124
50419715
21920771
72214598
74391778
43184542
19763820
9670840
8371254
7992391
4707785
24989115
14913054
21390791
50768958
4740005
7531395
7317047
7406017
7645118
14104446
15927493
2566081
19768246
26340094
50612492
15202753
43782624
6911503
11781561
3237849
4727045
68594670
48185727
58472526
2246531
7249465
4755371
20416038
4688625
23897165
58451303
68817229
11803767
58311967
10772540
10680625
5866619
4708395
3597919
58290713
70799741
14053431
14241259
21294104
73829103
4712861
19247434
72786058
16874972
36020947
26269649
58421223
7772135
28337976
68540868
52921494
22402906
14786917
24041930
58807978
4707779
13979751
16563173
15648710
4689517
2185657
4538195
4689417
16258070
8979060
55146995
70797368
57499681
74865744
58205397
26815806
47746733
15260021
73675387
6945833
6945649
58189582
74392254
6909233
14267375
1658915
58002010
39323819
14267381
48090436
24964493
21126889
66116119
4712647
22388111
4688881
5899389
4739301
76104054
6933153
6945657
56584167
6945665
540024
9805513
6933305
7182245
4727549
11803815
7615973
14270852
14166472
9973449
12208124
5866637
4708403
14062117
14241261
56689245
14053406
74397477
846278
4738357
56627430
58933375
77710852
3307369
10678385
37655302
2566071
4707849
11253178
45606015
5866429
73577534
7854887
2547007
4689057
68271427
40771835
16317235
562606
16618609
76503697
7440229
2570671
14261754
13152744
15648712
7616823
49903686
14179970
14166590
21142723
74685050
58616493
2929107
9987378
2290215
14175884
52861988
21016678
14241266
35968478
15927468
4727551
11804206
14789165
7543755
9946831
4755231
14053451
17529985
16392579
24970468
53586725
4707437
4754961
2545811
24237836
4708501
4712915
915334
14471329
56001338
74200748
4712301
15213304
42674059
66407213
4708435
23449675
11526009
14967120
42620448
50383597
43255834
15947876
14765448
74891041
52407027
32132905
52481870
15203508
7617695
24970827
73682415
75665878
21086241
11804142
15261681
4754971
31096660
4688967
3307365
16208213
60860146
20955049
8979063
49652034
7318605
710953
53584703
50415133
42631737
28752800
19583159
484019
28079154
7338173
1207501
34107102
3597901
72686779
54006430
10771743
16758096
46462124
15802689
13579782
50573410
24639230
48266807
51923654
19991431
50573810
7755042
75999401
17037305
14796834
58886302
41811280
43761583
14952985
15799644
31300986
14494156
56695614
35178687
21013542
6485301
5946215
7645754
15240671
20917934
23288550
13854105
72659547
41632620
15350977
6540599
74460108
4727109
8095358
24986099
47330669
67403643
10116021
41099703
14266074
68234790
42442277
6911479
4962789
50581671
7095153
2121373
48603077
1397433
14187027
73309159
495153
15669054
4707435
21860628
44309246
68258311
2404347
4727215
71084518
20332874
56752560
22471862
15851215
72333161
5832943
72881703
10732962
4727037
4754869
642955
10772086
15668655
5524541
49993567
6921811
58035748
469657
26738092
50306864
75329120
19914426
10017019
73794265
46267732
19414752
10772578
24467664
3039833
57443690
50098143
4688865
46780284
1817251
73987786
55424568
51936427
4713013
53445042
15304395
26702668
15467942
7617035
14034628
13312220
27793913
9804983
56628558
544701
14081108
11016348
14088952
37958603
46267550
22554252
26025129
45842473
75954729
2850677
76399218
16883758
4740359
58413154
7765376
4201613
74891717
76306468
74219526
45574745
49374176
51296638
75341453
40489611
55151387
15927443
50011409
74244119
50612720
28731968
72855387
23462755
45317176
20859836
72752526
56090472
643686
7300665
13309629
39323998
13980064
21309136
75701331
31186303
15669044
22973565
3801147
13967537
52490151
15288078
7763580
32085478
416923
75399973
22183931
6911475
2404407
56589563
68727996
73523218
20241406
75361888
48609098
49308758
40526805
13638296
7307615
75486299
15304518
31573160
51305041
13998193
47166905
40483773
46068740
57887371
9976364
42234820
6663715
38083775
38133993
6986245
53268771
31142245
17982768
45645885
5876281
566581
73527011
22380135
4740429
10772029
20506397
2294025
11508815
9974597
20278347
15806201
8431564
21479796
71125329
40238707
15447189
20438229
24737019
75584955
20418626
50587751
14875847
22176205
15448046
44242339
43350017
27560335
33261555
24639213
72099721
73329715
14266076
33801799
7617230
33117532
14027222
44572397
65442449
59284772
73596235
6475787
4707673
8085686
57654990
2184765
20959376
21747401
26086708
15669650
50574651
768618
25363335
57549611
10646830
57097747
72331417
24250795
17442484
3480951
52385681
19649147
551234
58394860
4727365
2184771
54405221
7708845
5866543
2185633
55046295
56389191
49011538
7617207
15669211
22222566
66743222
15356673
10038186
2570653
15250567
16342917
5876171
46105827
56340036
62744707
5454805
31186307
10771697
6911473
23620810
40509714
40197495
27817945
20689567
68396537
14120075
76737653
35865410
33124964
75319512
24267308
25747647
57789001
8145485
25654331
26315159
26315844
26145744
20423403
51097977
58390650
52287834
62337052
15947969
5524533
74152160
48587232
77035474
415138
51697823
15250217
33007584
24897015
24439460
614119
16831574
6847643
10207792
15669036
19378477
14321787
57090429
51854711
31825121
50873236
26738081
24737050
6906959
2567025
4028129
38584543
76263272
33502666
68113713
442610
4712563
12417280
9806387
10397124
51001855
14088949
8713443
13859100
71517872
2404413
4754697
7640903
24946763
57045657
22019696
74238311
11493693
33126248
8715424
4712469
9821375
10046739
21848872
50592430
58991437
4190035
5502909
426289
4594805
15356827
16058530
14088991
20689557
45817132
1074282
67720636
47335054
54804600
49524216
24267298
16257902
15250702
5833729
54768928
15374117
53004993
21179439
76750117
7465279
6954227
4707347
70765650
2545859
7450693
7252511
14120052
16923342
24639202
24878403
32391407
53243937
15350552
4696469
11891323
6190549
8519315
59323695
22428082
3597917
15366949
27777584
4707423
15633289
33743610
70669291
3428591
4727571
6688403
15287830
2939635
2850675
7617253
21065586
5895531
6933381
30992298
31848086
21614873
14241257
51669758
4713507
3318199
71549246
49115547
1397413
1816827
3460297
8095367
2533215
58570523
40429503
7443307
36062636
3480561
39582463
15841915
14088938
19763917
10393239
50749092
58849381
10511249
50401813
73983499
50997263
563502
551420
8520852
40863807
6921747
701695
50392330
2570675
15669097
2546967
49935515
51061330
54683729
23150537
14080515
68498597
6843045
5866469
21551931
10368962
16757083
24167245
33779186
10771882
23095184
15669307
16873265
16558811
31410098
21494627
25747262
54406375
2935311
5607411
5946219
21859129
6945871
14174334
16465297
18709857
8071353
20519093
49079872
5876293
15729040
17628786
12251751
45023058
50875968
32686094
16059194
17469223
71513192
14852822
10195240
53687795
56339803
5946217
57790416
15262626
50875966
14436673
15802721
28079495
58163451
17114637
6954149
643671
52498518
24639211
544366
10771787
4726997
4708433
15853261
16217013
23021041
34472849
58137306
689471
74953870
14241254
11485737
12692951
6921809
5895671
33341938
55208239
46647353
23481415
950252
56340539
8133593
48923303
50748235
52341694
2545781
11493364
13423332
12055550
15450357
4708443
2320861
563216
47878231
7243577
2546973
5895781
758287
9975107
6826387
31569344
9806421
14266844
13751755
7772964
74852577
24245389
14471309
35967479
58932805
73283097
50433508
15633285
50766491
74530811
38358869
5981635
6911647
3231211
5850057
10771915
71998696
4754903
47181597
57105019
9831619
14241400
5502951
44843789
75996264
43890640
15304462
15508579
14088948
3307267
7958201
34719990
21095757
13979425
11667197
9362681
27725710
51708707
74417213
63835454
74282456
36992840
8039073
10680707
560027
22562605
26652791
4739051
4820985
10848645
22170384
51442892
24639209
46779635
6954177
4712779
71172359
14011446
31142509
50597112
10771900
21171879
6921583
10771723
11337287
20689561
2533299
5899179
45805976
58039542
42487157
13978331
8719082
53268412
562871
2533229
6843233
7776627
4738469
11508185
20692301
46641611
15250742
73985838
49995362
71336927
49216152
77495869
2290327
14145024
454859
2404391
5876277
15927490
57731597
49194158
24210643
60824395
49932738
44843872
32691431
7763581
4738359
15304488
15287890
54848210
24950059
474400
41294420
38081718
76196609
15669301
8144029
22370544
4755073
4727013
74529066
15363621
54804160
14789310
16831582
57363226
16435402
21230199
74907694
6954183
2533207
4689471
57319053
25924391
14071478
5502677
7777661
43181333
10590130
68595183
54000278
62339267
21830002
50875977
10224224
6945893
4712363
7195899
8332561
20054762
54583036
76731734
13881260
11161390
16666126
10488483
7303097
74944769
5981639
76752730
72543693
2566087
49034603
5895565
8331717
5895575
11930920
6935033
24064805
643732
43362737
71164698
76657556
43373956
53252640
16562865
45950124
15250596
15648716
70768255
21310225
4712743
502551
560201
2185653
16563186
56319695
15259164
39288328
7450803
16050790
45468388
53247744
5946223
75592841
51543360
7617248
23462842
5625057
6921745
57887416
5816507
66824455
13309588
31186348
55961093
26086498
6933133
16231795
15851202
21860970
8082324
72332747
72686852
58406105
33751774
15287936
4755185
4689239
15250574
15363624
15304405
2246515
40780519
10771983
2545789
7640904
2570667
9981059
8894655
6933433
34348171
3231217
59080835
77138429
14241404
15366955
76750199
3076559
31894868
11871755
2533177
534187
72506092
7617196
7347341
20872297
16317228
38118039
53246100
66531259
76753651
54607665
2947593
5945589
29164514
39783336
7841151
33387513
33387138
950344
4727681
5876155
10146540
4688979
46788958
52865765
8116272
48591757
51651449
10771785
10771693
19852691
54709844
550572
7005731
3318163
6945889
14471331
45105499
51096385
33419141
12496903
45641220
42231964
33118907
51285875
55771067
73630859
67516505
66108046
20523584
2939315
50065098
33108357
6954261
47575929
5895497
4727123
25971589
57878516
15367339
7250435
24950429
21404270
68655916
6934809
22932946
719684
73310190
40863938
20859844
3428581
5503853
2546989
14171264
4727157
19793704
31200189
72120543
560876
50378105
58935728
73549884
75597280
10772572
12289740
2928949
275205
51854496
15451710
6921575
10849068
15851256
5849447
5895563
10849918
275145
9870099
21829776
50611450
2566025
7464869
76777584
76514892
8292633
74217892
51334357
15304456
13873049
49429533
14456114
4707379
3307371
76046079
74914090
25935561
74218070
4707485
72635375
57726402
4739239
20689553
16316322
28079324
48586526
67595290
6281627
75750602
74774811
16317224
15769277
14120057
32785646
22475120
54614875
58461429
21487930
72682443
75486644
614120
15448383
11918008
14120074
16052588
15792628
52412741
69701093
68378370
32855684
43694989
7306975
34214760
36332783
75582998
7773015
52999640
41300160
24170425
76242976
39322478
3318073
59206295
45114528
2533201
4696473
42440463
6477133
14768230
15802668
15366945
15304506
6921793
53039887
7092227
59716103
4739003
5408559
52412611
15836957
14241416
28944079
23502981
15350539
73532077
19988271
14971979
48146951
15350547
53410215
75335387
58452881
24481713
7302907
71368081
15851208
75342996
2940483
551516
14241412
14266846
14261745
16369925
19807785
10149921
5876143
4739081
2184769
60817505
14961877
6642697
7645648
24176137
3307247
21708167
71950767
75651351
72338152
51653275
34934785
20689581
69193765
69209194
10010106
50708034
15254302
11920011
74408403
15287987
71693406
19987624
58616574
50411494
20689563
2546995
3428595
15648707
12317218
72213919
14053427
15353049
47501909
72487129
15287979
73954326
26470506
24727831
45567058
14968219
72752477
54749222
71888575
5524525
11895528
17538595
2929305
7283649
10772625
31186269
39321068
23576018
11868963
21851988
5849375
4754873
9999847
14981103
57968162
15332982
10328067
13418826
19248738
15250227
15851250
20244101
16379022
25552975
14333831
74830656
57499713
14241424
15851178
54768857
62320637
31186253
67863684
825454
442636
4696499
4708563
7466981
2545797
23601125
52853125
55569647
24985886
43845178
14011450
42528607
50453902
19920003
25420073
20121399
16590474
57787984
562919
34943643
10275641
21920845
33266212
4688963
5858911
5895607
5876289
10771839
13933144
16187963
4688939
46135977
20027106
13671156
54826881
4754925
16347759
68593416
20689538
13606135
4696401
66413842
7308749
15448844
15257301
47834768
74392766
742005
14053411
16457946
14088961
4712811
72790700
51855323
2416093
7047687
7440113
4712511
20689594
32724585
32040357
20954483
58984014
40875724
2938569
11807982
50562766
14025871
47136974
33264002
2566067
10772043
14174336
19297645
16317237
9986358
4708417
3231239
33573130
14379793
17844916
69322173
15629642
56089064
51652630
11530780
4713307
56628385
68629289
51859904
53502090
15851921
14012234
15927475
20689569
844490
3035101
2423035
2246521
6954169
6921771
71170013
14145280
13678320
14333820
14166537
16873531
16874568
19830830
24892429
21331279
20633033
7774474
45022973
58013435
17445406
77035476
50549583
9263451
9982066
22154374
43238157
5199351
14615661
31186227
7535257
10771870
12275671
10013433
31186234
41385710
24988796
9949235
54853337
790960
21184375
74225675
2570663
7308689
74935366
4727221
844908
3307353
37803734
3043409
10772031
50601023
6994553
7776930
4707327
8144699
14053465
14053453
14070956
16561807
16875077
40192510
36257746
38067129
34708431
15250267
14333826
47482893
55795605
60692260
6933313
54286435
4688589
57754812
6625601
2948205
25181503
15447092
16563644
76757525
4696383
7041797
10187482
1394107
16669070
23107185
30988470
34750135
7022619
5895505
2533231
4708399
3231225
5895807
4739571
5895779
14027424
52060049
14963260
21806034
15287942
9992937
4727337
14053435
73608286
26700194
17041222
4754769
14958311
73981144
26738096
14058559
20872835
15447116
1342599
14972370
416953
14494150
10771832
11997012
13814251
54769034
69707180
45575775
76728347
19293965
54483528
68283346
40925747
75996289
31186249
44820507
32526794
2566017
71552660
14089033
15851198
62354580
21090694
24555248
10771922
73599507
23028546
21180243
25025828
31186279
26313317
14851204
50230930
74891428
24964536
7448249
4707371
4727075
13939793
14023080
13896711
11220945
10767499
15512365
15669068
58310324
16448490
5945583
24843785
6535459
13999969
48441847
74729314
7772272
15669131
6941543
52413043
54628816
56736387
53760184
55318507
66376671
59109739
56218870
72924256
74500593
42785280
72925954
7467115
10734383
12398311
21179548
49409211
69861124
55612095
7467943
14266850
6954249
6934939
15363625
6954253
53288041
4689159
643681
3109087
2564507
4688999
2185649
8046359
73747589
58948901
50956302
17537848
48889661
24951058
4200815
77155513
54609568
10828176
31586743
22381745
643653
4712725
14494124
57000911
56902421
51730873
34646175
44820505
9827274
455655
6954301
7405399
2533209
14082437
50610066
2566023
550575
8296036
21126881
4738463
14025875
19988275
76151902
47482659
21758743
24494302
58932043
36459844
56588228
60821811
11242792
55160632
53516464
58001769
58205654
68613308
12705130
15729038
10444217
3445011
6921743
3318131
50340937
12695245
2953269
22989821
5945595
10771837
21668321
4821769
3482317
10160419
2850665
4696435
14788978
10734203
15366939
7710030
15250233
4754649
7830188
6933121
5876245
3307243
7253125
5849351
7228629
2566049
22084833
15250398
15633292
71355284
48318699
6622507
15362657
534143
24884945
36463373
73882106
26738085
6954179
50230803
53576644
34437965
1342739
41294643
15250294
76300660
7617188
6476833
9805551
9804717
58932324
14299160
10772550
21129356
16556343
14333834
14272368
14053413
55615062
15669062
15851205
16561809
48442983
48490668
44113404
40159490
15374167
32521402
22173289
22388083
36020836
20706890
39175889
10771685
16563175
50383570
50460625
49028645
543964
72819614
16342933
21920708
22445969
23008748
17906552
11018517
16050750
24494210
4707557
9954420
8096336
10211544
7471229
19729457
5876253
4738893
5895589
829474
4708525
14534576
2545801
4738311
4739255
5876107
76057044
2320857
3600299
31303578
22970439
3428597
32547238
26930271
10848852
12704560
19988282
14088947
15448388
7772909
15750544
15792621
15927437
22010612
16379031
54478379
20763761
74432092
15332990
21180715
58848885
4712627
48177807
14051725
15257169
62327118
14145168
32010543
13688386
15669634
13879078
6954251
74233835
15669056
71105632
3597915
14082435
58944405
647979
7819183
3039847
3307317
56372002
15406247
39167085
20063823
7655186
49119221
16258098
46106098
47754186
56306758
32645778
54348747
10772602
55994864
19893593
15792599
22626816
36723002
22562625
41265340
4707757
2596631
25405844
10118590
15669299
34728229
15250572
9289382
5946207
9944879
10771894
9290870
5946209
12600653
56088549
57709042
76797768
44409475
24237802
54713856
58613894
14120056
23013511
72710970
4689255
5876257
4754651
5895573
3307255
4755077
6933437
5849407
4740371
3307289
4727653
5849487
3237815
8490373
3044929
71566679
57729169
10120870
25918834
56272349
54405360
10847766
53228835
74239208
56689050
50573387
12600644
76752928
16342893
40195793
14471313
13764911
554435
22973542
26708466
7469083
74392895
2533247
74331231
16563658
24383620
15662993
15851192
15447100
15259453
7186843
19830643
4713325
15813286
21091516
67508402
15374181
768815
5203769
4689015
4696493
4754977
73679208
7250881
24947184
25622167
73878733
15633269
50700599
43388600
54750243
56266467
50766786
22119146
10597705
71140852
32132659
16561811
13997098
25281525
58451842
14260868
10771783
14381963
23481121
21424282
3414241
74416473
4033023
921232
4755177
11530191
3307309
7775408
6921791
9793158
15258961
551651
75596362
5849399
4727357
6847213
5899117
4727245
72026101
9976786
4713089
4713137
73288701
10771902
7186825
6945653
15648699
7855351
50411501
16920986
915488
3428593
6704937
6706809
4707727
4727227
9953055
77158082
36332979
12389566
54749869
15792623
73680134
14569025
15851184
15304508
24950281
76151906
36723419
21091506
72790018
68594735
52294766
67909925
49507403
14175887
72655826
71690790
58576206
3428565
36458876
24494235
52887344
22407350
14260878
9999665
10681270
11808458
11781947
22389044
4755397
14719016
15927484
48268846
4708461
47592089
47583979
39216930
15406239
5895493
14071430
50272874
16563921
34731676
4739933
9670519
21091485
8714038
17597729
22365253
7280831
15260433
44041840
58457392
15669655
8406103
6622503
4707521
20872833
16563205
24950064
14972360
54748458
58761400
76469064
4707345
43185072
76173650
14053443
47504337
40780363
7308149
9976238
534122
14203474
4754675
55579246
50395354
2564485
6945667
4707271
4688741
7471279
52069963
6477957
12039599
3307375
14203471
13696202
76757212
16342919
57442666
24964529
4755131
32721806
10772027
7774217
49867838
50077725
55078009
10771695
10771932
56610231
50712002
4713299
6934907
16876825
12317128
10703713
22432219
11787499
562809
73316920
50383616
2570673
77330605
2184767
32362602
25050853
23143919
4707735
34744286
13954767
4707279
5876305
5899469
6933377
5849327
54997651
9947050
10370340
36454755
58866623
3318195
50460478
855800
50340942
62323951
50340939
75998029
50325159
74211193
24984313
26220229
701623
12705435
13813403
58395508
53036140
10733972
76000002
49511189
442646
21465424
58616686
26738083
21227085
20694278
14171252
44050706
72670131
33227986
52262364
74217668
14962326
76778635
56304734
32946292
15449779
75996146
56743922
52393194
57354867
22503472
74402300
53107896
50611939
70907552
7772242
15633250
24950183
10032375
52385845
73526858
45815374
23481132
10771752
71365449
54380832
26708472
24884955
44049913
51702933
27772680
38084617
19862487
67863905
56220102
13885772
14047725
56050237
20859848
6839135
7568081
15669038
16187958
17039358
20402360
27723220
22388416
22381169
62337820
52859828
24885851
23067739
36018002
67910301
75333032
74729686
24351837
31581406
33142785
37886340
31586739
14166734
11804101
14104444
52385874
52385730
74465995
74883939
74883317
74907397
71960169
69861426
72901598
12017874
4708393
10771691
14166717
14662999
25362515
22622421
15256734
32152840
74770057
72745521
44820503
45520531
15943269
14802233
21090878
21091521
21088626
21362851
20694250
13153447
7299419
24854010
24888703
20419466
14453448
11973650
58551330
54441003
74854395
74882324
72215326
74220535
75355562
74496283
4727905
16563188
15927436
20418206
10784280
23075829
38353883
33142209
26473448
50768580
50383584
53089354
33253327
74863032
74770589
73745118
76309332
24897038
24964472
7937193
6707371
5945585
14768798
21240870
21091494
50935962
74211568
72758725
74770523
55285610
7448785
73657567
54348353
12674535
4712573
25775028
57353230
25497936
4707769
49216082
6933485
6945663
15633286
50383392
21823278
14058966
6921797
6934843
6911623
59206078
14260358
50585354
13896751
4689007
2545839
2563917
3318197
2567015
3109075
551685
2533219
2564509
2570613
825418
2805793
2821765
2836795
4688895
4689173
2185641
2570683
2185643
2545805
2805383
4689161
2564511
2547049
4689115
4689333
3307351
2290217
701624
3148645
3318175
3482137
2803215
2185655
502708
4689127
42583576
7249165
3042899
49721287
4754813
15927483
6954255
4754653
14272383
40826382
15792682
8189175
15792677
41372785
58543294
38082766
23421236
57726025
25298123
6933333
73243134
59207879
50711422
14027414
13885731
38348316
5973789
22508591
15943265
4712551
7772256
4689221
22867333
54315419
57726129
50769794
71352236
10771890
10771729
15661602
24884943
55099785
41700380
67061577
53431074
67057509
44796424
74608844
60050878
16563908
15851224
15927440
4707417
25038075
45024102
10766869
13862443
55126778
10771855
15792652
553468
6476249
6478691
24046150
15814117
50383580
9944229
4755385
21861168
2545867
19920207
540004
8039334
7195939
6911649
7827431
24964497
22472796
8303039
12122054
14419532
15669064
54000626
14120060
14587579
14963450
14787064
14053409
14474451
7356779
20857697
15851309
14171247
57788582
6954225
50383564
4755285
59307219
34723313
32678061
14120051
73745380
37042169
40797347
11213962
17023113
58450646
22175316
52188469
71095097
22622651
21758854
23089526
10771961
14471307
31892671
14088951
31899683
4755083
31559230
31186305
14120058
9955452
56090032
14972368
54453982
14790831
71690630
22555958
50383568
49867157
50419713
50395352
6954237
15648723
72793572
15927487
50383560
16382556
65010603
68641829
14790169
21126887
14011444
14171258
22170818
552394
75524294
47482335
6934935
50611667
19888000
58309657
24231534
5645229
14266856
44715727
16317232
73643255
59204501
13952704
16317233
7468105
9980579
16561800
7471493
61032784
33007755
2926085
2927065
9309209
57732290
4713099
14426563
11892512
7284645
562361
10690590
22922397
5973783
11780953
22169657
6625527
21128811
10118152
551769
11871583
8010339
2947673
10680858
14025887
9999688
9973530
11890594
5957175
5946203
10031896
9990332
10705067
11575854
8323726
2923939
4713161
2949827
14941580
26429203
5981645
15339012
17114792
14787391
11894828
42436384
7962661
15867772
15261061
4755135
31186219
22423611
12208389
14435919
7614114
3237847
5895481
7980148
2724587
5859155
4707943
4707935
5866481
5895487
5902451
3597909
6933357
5850113
4707917
6708321
3237813
552413
43346293
915376
30988029
34738572
43185683
4688947
15213526
7673101
21187607
13580277
33113401
10771952
24538088
10030958
6625577
2320853
20277806
16563660
32139222
13978347
26738088
41604234
54748906
58850330
25170327
37038903
595634
71956327
14471325
72901570
31627673
11804060
25623542
4727749
72796958
21091510
44790242
73600254
57657488
14972364
4688585
58962971
58143540
14266854
43812197
10771956
66086864
14789324
51264521
4708515
14241414
39551730
39324049
58956715
27663894
77014484
22868609
53432991
6911569
16222320
20073264
10771756
57001964
73198393
24237567
26738090
73743171
39307878
4727863
4738241
3040051
7101553
4689043
4689225
4755307
2533223
566528
9999532
9943721
9951164
7772170
14790670
10902960
4712767
25193974
7361831
49009498
11156945
16317223
14271032
14053417
12674981
58473093
15943262
14434947
14169551
15851204
58002674
55484681
12304554
6479301
4727435
75752228
55639149
50437680
14266862
47029855
49527301
57731495
68025738
52044247
57451690
58311060
26269266
15408014
31575740
16317230
31323164
21505783
37622669
7772934
7443395
22449207
47482776
39174055
14171283
48139990
7299501
16561806
14120061
15447539
68613043
14938687
6934929
20859859
14494136
27657226
20362967
33095039
15250600
27578279
32357538
50612318
47282230
12038330
3039097
6933341
74770654
22606948
74770631
66897916
4712541
5524517
31783615
15267167
14333824
64998500
2933417
60813957
9944935
52334025
9173902
72682133
4754639
14241396
10772568
9977692
562761
14004083
9999845
22368441
10111358
562307
13666938
16342897
2290343
10703741
22987491
11780627
21463581
39445238
563132
16342879
10689939
22435719
543963
8713421
20027997
3427969
27774498
12124778
14241398
5664763
4755133
14166695
42780348
42427474
8189176
57788822
9976813
14174338
16317239
7349581
14004085
10768317
31708531
42028726
27658082
47597316
11734679
2320849
72202630
33808475
54628281
24508305
38103009
22282635
16590462
2546999
12675838
5895609
4707433
4727679
5866529
7471193
5876221
5876273
4713151
4689237
7252709
5850077
5866457
5866475
5876241
5876233
5866417
9443610
5876113
2547031
5895469
3237835
5849659
2545831
5895841
4754665
5876125
4707929
4754657
4739649
14120048
24947616
2340067
21088742
22407317
73984026
21091508
47466039
9871595
10771944
17579280
24061033
33118092
32915591
41300905
51965308
14108999
39308205
44799508
73343545
16779099
15842833
42255306
39655788
7303287
2565987
15927428
14262983
6933337
4727309
15162037
14436632
10828436
14420342
4712675
15228901
22379238
14104457
14104461
11053656
14120067
14089035
15214438
49523598
4712921
15412839
30674843
15202932
63871984
15851166
16571197
15813276
15927482
16563185
19579040
16832837
54406009
70823292
47757575
10186396
54158870
10771884
16287737
25300839
34645613
24957182
24947568
68019449
15304452
4727239
74439549
75326729
60855349
54416527
31186311
26335948
57732079
69097673
3428599
72882156
54865178
6921761
6921677
4754661
50995852
73679469
68844839
7567023
74882376
21095736
20864770
74747329
10771942
49807391
25918830
62348404
73390023
14262991
14520398
32833482
15383339
58459858
50773852
4712917
52806031
4755105
701657
9956702
9803288
9949083
4688697
4689021
4708513
4727929
7250481
8286978
2340075
3307323
2290321
7302225
909716
50985758
5515271
7773363
72221831
74559218
37969420
21091498
49863656
49462293
50779953
69460469
15250426
72202595
44715803
53972944
10772022
22965772
15648706
15648717
72750010
75335485
57719811
54750504
51007321
58840973
13979772
13896745
502574
14260378
65078290
16187957
7263277
3072455
22150023
26320033
15648715
57443185
3103419
8653637
68112697
21126891
21180707
4754867
4755233
30772680
14171275
35765802
49537132
21863182
21826324
4707309
2480207
3015645
11803817
2340069
47121656
787612
7853633
24497533
14459429
21855725
22010942
4755363
43723450
24494173
47570169
14169565
16059036
21089100
5945601
21267730
21819130
10368964
15250223
22974657
49374841
5625651
14025869
13968791
5946201
10690857
12208443
2290337
563518
5945581
563741
6625547
11869510
13968756
3410043
5945607
5973777
5188027
10771948
11816394
10691623
22948277
11632662
11748290
39724016
7301297
74770933
74770489
70800135
49374604
11054167
49400945
14179974
11445465
2947791
4696497
54146014
2950085
37283643
2943969
9158341
10771924
74883117
52412172
5899407
5895511
4708425
4754759
4738475
4740345
6933353
72638160
49785790
5899393
4727759
4708429
7306929
5895499
5850047
4739295
4707579
21180704
7992012
14925875
6625581
16562834
13979745
15661991
25609849
4689001
68401550
4738429
15404156
76271916
3154579
17906549
15325790
21089097
8095403
4727009
75985454
21180699
44715831
41099630
4712707
39323937
554291
57724720
8713038
38351708
14844357
15927451
23451608
7376717
15796518
56627307
14333828
43694118
39553524
26738101
15332993
71680149
14331752
15927452
58858748
58944061
14025867
31585586
6945661
57443006
39112890
37362324
26338484
15374161
52753741
74539497
69465835
39306844
75303517
15851220
8025594
22761370
16342874
21091483
15257931
14261743
14120064
15802723
15669213
2564515
12978527
14120065
14120059
14053457
51238393
14088945
12387398
24050370
19371010
12327030
16563923
9804141
14272382
7186833
20416616
11079728
11494483
50395347
10010413
76279382
19988251
19988265
54749033
17451417
50184070
8096321
825428
47504167
31141768
19987710
10011782
9952245
646644
6903287
14267373
4707307
4712497
4727275
4754833
7382155
7710361
59235867
33139487
16047641
16886562
76519814
22386071
9805196
14169561
33139871
27796485
10771669
32968471
5981649
10771888
47878229
15339015
38358844
24430755
15262335
74882002
9944983
49717875
26342667
14088944
2570611
49375270
54750411
53577290
9977665
58622250
34593773
59288795
14972362
33157214
21180701
15851236
54997656
11995372
73311654
15331959
41578952
11250160
24494371
5973793
4755309
22555956
45540602
24951062
3044905
15210202
2923969
21860422
7568939
10443901
31186212
9999859
22441282
11628707
14082553
9999461
22989406
4707439
10427842
14260870
14790106
11868771
16342907
563576
11749367
14379798
7665535
9947022
13879306
10771928
21053814
2939381
47481665
77280769
10067157
16990097
2320863
5946227
14053425
14241410
9956889
11487636
2570633
31186243
10010100
12478960
4713091
33492506
4708495
2545863
8096324
15333002
10000066
24349783
24639191
8289639
14434949
909744
32844508
8121622
14120049
7955531
4689285
5899177
6933365
4739693
2570645
2629943
3237837
5875973
5876275
4708385
829460
5849359
10767972
5899401
5876209
5876215
5899403
4707937
3428567
5895473
4689545
14120054
22505123
10772580
23029114
21582940
13939799
23871209
9973508
9872469
9974013
9950826
23567050
6990023
5910823
12518219
15366995
39202403
40441117
73344653
17040199
2845145
16563655
14732797
4707517
14268272
47767234
74859366
26298004
15250207
56583851
58566125
442634
53039873
14011602
35951910
14266875
71691594
71687519
47749713
50610648
24251132
16556348
77548166
50611245
8046485
52318413
7186841
4689241
33142573
36487763
73746429
32945668
57723535
74729630
73978973
16561794
1658917
6933145
50704857
74475635
48317217
58460349
59234958
54759351
23421238
12320679
58449826
20872841
14791135
4712705
6911619
14433947
52884473
16182168
74396958
9944263
1342561
9954161
6945759
2570605
2545823
2545845
15927476
404619
4755381
4707883
4713239
4713257
7047205
15661679
4708551
11196605
20018922
7817580
8044646
14175873
10144230
10771739
10761696
58162362
11184070
6841373
14120053
4688971
12668414
14433481
4712855
59209777
52890257
48723380
15533308
14169543
12106132
14174326
16134719
19394870
20075483
20689579
14434969
38360053
38117722
39532556
12692281
16317229
10771699
16562389
15648704
24950289
34718232
35373286
4727871
3318161
6921617
40202016
14166166
60858476
14790362
20872393
7304167
22508476
22141506
56118582
49227562
49535745
43630793
14494134
33031505
21091481
4688977
47484260
47502179
14333830
52415934
54346139
51708086
55511052
15257756
56223569
11803802
54354309
16287727
11216943
14851619
59496448
3318201
14260352
50435254
71347321
3904887
48152037
14171244
14027409
7309699
4696495
35837104
8130710
49192319
72751557
15246309
49009495
15927450
21043079
34436116
2928631
14806310
2934477
15851318
66897174
44791946
13738426
15250205
24495556
72638917
14166536
2930177
12388416
2936907
2290323
15250752
16382263
9874759
34320554
10678633
11887052
13801542
11807239
2290223
5973775
10704251
4158743
11749572
6933003
2290341
11951512
5946205
5945613
11801986
563834
16342889
11866766
22168707
64054252
14258471
4818429
7299589
10771892
14258465
2530471
46260569
46260582
38117581
560131
21754393
20877425
21180697
9368264
2227437
4712719
15669058
10404888
5899391
4707427
5866423
7959393
4755267
275122
4707457
4739651
5876119
5849343
4754799
5895595
5866541
6954305
5866515
7568155
13553122
9953477
15333006
551897
15250225
36159228
30988814
5895475
14434955
7318239
24690252
24479950
42802157
58466172
57796246
14436453
14788468
72027146
74392981
2533203
15411544
4713133
43185534
72680397
15254927
75431998
14494154
16457720
7245815
11253130
58464501
15927429
77093928
38279979
16342931
27645067
6921649
22141045
12673144
6911643
7299383
16831562
10771874
47826429
25746413
23095202
13452571
58180342
4696475
15927448
15851242
9986550
9974017
49021359
16231274
71687599
16915299
57790998
21817299
24964485
2533195
10281457
4707881
4712659
4727367
56224945
7580837
4707705
4738315
4727099
4689017
4688635
6479039
46968350
14266869
15532461
14179968
14166539
14169559
14717900
14717074
56689114
12318323
12118764
14104441
13636849
15927472
58449113
16386799
12120980
15947874
4707877
6477429
14494142
3083887
25063912
25385895
16929231
23799113
33509292
4712937
12037865
45635985
67858644
20803647
19883216
40060025
19889507
23090320
52413113
56586544
50170289
52376189
54349786
54149289
55020199
57713015
58206766
17763282
73833267
14260864
31561342
4707461
15851218
52890716
4708371
43048671
26086163
21180713
44043442
11480376
543962
50253498
72750462
74771038
2800815
66387553
7857461
58858055
72214451
2948199
26702582
5581987
13896707
10441932
9170965
2951147
8326023
16561801
10771673
10690799
2290345
10690420
10000149
22967940
21121756
11781748
5946211
57001120
2931081
11949051
5957169
13968859
5973779
5973801
11868433
7246449
13867545
23012250
7712078
14789643
26313715
14663136
14471319
45605955
73573824
2570623
49938203
46118592
14471327
14605280
2533243
11050480
52875660
24209709
2290339
11786801
15250215
8411795
14787812
5946225
9999577
21086167
2545793
12701700
14262973
33485929
5946199
4713309
44985929
34213133
33795389
7310405
17904984
22978978
23467106
22622605
2567029
14120073
74882224
915362
58182020
6945645
50779346
2567013
2352977
4726989
5876265
3237841
5858837
5866487
5895535
5875967
4754735
4727667
5876249
5849383
5876149
11630526
11874945
4688995
72802363
13970415
22166673
22631121
17463315
24987480
26486296
21202897
73656626
14258483
2835379
3232979
58179304
2983129
7617014
68257993
38084769
6955129
560867
14166673
24964568
20739803
14260862
74770043
54750069
76282334
13518753
24884948
20872382
68682904
16342883
3054017
43869665
24954614
50230829
24964489
74783375
4726995
50434513
43759180
49477906
14333816
20864768
15669080
3103193
53057933
4739987
73600343
15254309
19859741
7308867
4754851
26694035
20872823
22269303
24437557
14494138
51970743
3318169
10850132
50230960
36460672
4755137
54748211
68341915
49401893
14058855
3597907
11993307
62350851
12123480
14120070
26944710
58840966
60819475
58184545
52385661
76000144
72540295
14053447
25921556
23620729
44843382
12678514
54458272
20872374
7249419
58188067
58190264
58173332
56514506
28733572
58205531
3041213
4740033
54442379
15932268
49150076
14381952
72636346
16875586
41571265
74390089
57767446
49543176
11478050
13175973
58452368
73657318
12486706
7818027
68282726
4712347
54847855
15448386
25928796
58204721
15851230
68300305
52413548
58178874
56369569
16317240
4707699
27776549
21091500
27715373
53300593
74391974
10771747
14964875
7617005
75653593
74748203
15914385
42975676
74312097
16879144
15648633
37732750
15669282
20872384
7306815
7308075
7619703
6709613
4727287
4727787
6622529
5981613
4727909
11804186
12600654
12400154
15851222
14053458
16563204
16183969
15669047
15851232
15287871
15250213
15250710
15250508
15927473
15250305
13885778
13941909
13309195
7672507
7958007
11954684
14145163
25040189
31895245
31593579
31563623
31564447
31576267
31575121
31580954
31581298
32946100
50771030
50780912
50383591
54753802
15304401
15339031
14788344
14435216
22157758
22152681
22508775
56589679
68728959
66398282
56627127
52385697
49394252
49009493
49021631
49021801
58805691
21085627
21091496
21860870
21921537
21473394
21126883
23164713
23450143
38274137
36019016
36018937
36052347
43868986
42976053
39312118
66390382
66378795
66377662
66408029
66409514
66397227
71690345
74243537
72681255
74770458
74882026
74884195
75381968
75381894
74684833
76656540
74685073
72681990
24964550
613899
4707659
5199327
4755127
4712897
4727069
4727733
7468011
5515287
7249107
6911309
6907417
24635602
25476284
24175471
34575609
31568166
31577392
31142410
31186210
33765477
37044352
31576008
31584946
36462468
17450176
14768573
15206737
15411613
14519161
12403788
15287983
15250446
15250247
11804056
14053463
14059178
14104443
14053421
13979774
15927474
15927439
15947867
15927579
15927469
16341838
15792665
16738748
42673907
42676808
49021595
49009492
51006893
50779427
50779161
50370943
49374643
49021797
52376730
55317658
54757840
73593734
73744083
73748229
73748518
76299402
74882076
74884272
74907735
73744807
74770537
74926820
74212166
66419645
66400437
68631398
69172055
56627486
56515138
66399390
66375691
58451083
56629079
56689086
57443262
56735509
24950231
24947390
74397317
75750308
75595800
75486425
37730700
4708439
4707375
4713103
4754965
4754677
4754779
11804232
14004080
14120063
14104435
6625535
4708383
4712899
4713147
6709559
7829907
11372744
15412853
15927491
15851247
15662508
14203475
14686040
15250494
15648701
15792686
16287733
16231276
24504781
21034144
22386631
19374452
22925606
22987714
19892960
22629174
21365763
21091512
21192018
16590476
14453695
31565603
31570315
31567655
31566873
31621935
28640307
42660075
43719786
33516404
33145506
33778706
74881993
75655794
73747819
73748126
74317276
73747671
74220324
50776326
48521038
49410153
56627924
58621902
58621697
56514699
71687558
66401106
71369757
50383609
52385823
49287254
47723070
67997629
67765939
62742338
68611720
71959835
71960427
15851182
15813278
15792664
15927449
16162059
15851334
15366959
15391199
14790266
14682023
21739855
22403072
21346088
20025278
16013239
15669305
15648724
15160096
14790067
20641100
20718638
20417411
11204830
10771705
22551149
24345524
25405443
4727021
4707229
4707469
4708553
4712709
4712765
4727343
4727739
24962811
22977879
25036037
25038424
25034543
25040592
25035376
7960160
12125659
11373031
11803820
12403783
14427040
14434171
14120072
14169541
14171242
6911105
13939795
14004093
31587092
31586745
30811241
28733778
27773107
27775352
31141596
52597587
51040142
54158764
53871170
48723392
47502565
49021759
69544503
68152462
57443224
64826902
69076773
42973011
41880766
37880148
43694207
43868548
50770631
50778838
50231080
52878910
52880782
55397249
74771054
75595203
72202670
73390391
75664936
73746297
73746085
73744520
73744661
24950740
7885994
11381966
12017060
7772125
4727735
4754673
4755325
4707483
4713001
16556341
15927478
16231268
15648705
15792650
16165992
13309222
21091489
16746029
15669088
14431883
15203018
15219461
7615675
4712351
4712703
10771727
6954913
6895723
7663198
7958431
14939454
14120050
14120055
14120071
14053445
14026245
14166492
14166730
14166648
14875610
14471305
14471301
14471317
14471320
15263245
20689590
23073729
23568394
22481172
24849560
24495984
24846956
39110400
36020845
39306978
43723959
43723878
42669801
42439428
27665140
26322856
24052381
49021353
51267640
52245783
62746760
51027029
50923647
52880156
52585786
60083918
66418461
67270835
66380176
56583418
56628000
58614859
31894967
32946873
31894816
33494020
31547660
31567291
37880412
73680381
73747415
74882056
74907267
74397124
74729521
73745303
73744455
73746024
74210940
47876940
54849819
24950030
20869585
10046703
11197406
10771917
6903641
7065569
12054183
4712911
4713075
4727935
10771913
7248735
7465859
7817472
7035379
15204766
13969081
12600645
14787575
15322900
15384341
16050748
16728924
16387911
16317241
16317231
15851238
15851300
15817201
15927461
16059208
15792666
4755117
4755383
14104434
14120068
14120062
16533930
12330413
22866037
24499124
25034577
22861329
22160135
21880750
22080843
33144018
31547590
31571487
31577643
31142705
31142588
31142211
31142649
59620805
66898049
57442879
58805283
66389482
66406430
50779313
50932759
68887602
69343386
69171474
54624112
50383589
50383574
49021471
71691204
71692464
71690955
52384420
74729790
74863426
75651785
74883104
74884290
73746923
47482503
38275991
40863870
24950164
24964507
7361875
22508442
52416542
25536184
73658014
76193640
72205796
14434967
14262974
4712985
4712651
12674818
14166540
4712307
14166631
12677291
25490161
58187647
58172025
76541973
4713255
7853377
12337106
14331756
14175889
73656943
14436287
14331754
14434953
12513044
12677492
12693961
54348495
7468371
58190068
21090696
4712693
12673041
14166633
14179966
12674225
14270837
27660436
56038011
58163660
58173154
4754801
62745252
62750001
12674619
12678157
12481276
14262987
14171285
14381961
22599090
14267379
11500047
4688993
10043558
14434959
49529950
14267383
14270833
22599415
12480735
14267371
14266901
6921679
50686294
6933109
6933209
6911675
6921623
2533205
24252676
59251953
6922067
6954185
14266905
14261765
6945643
43184928
53581945
14266885
10771707
24344905
15648713
15406241
8096323
16563641
24498019
14266895
6933277
6921715
59203452
6945647
52703127
50714392
6945659
14266897
43185032
6532849
6933157
553860
16232300
58978063
14261769
6921795
14260368
46513699
47827284
6945805
6945651
6945803
24494622
37549319
6921629
6933293
6933285
46947301
15669303
51653331
39307139
4538213
4689123
7347953
4727043
7471213
3499209
4727769
9423496
11857476
15851168
15853256
16563184
16317238
15851272
16231271
15633266
15633281
15321636
13452825
7959229
14145119
31570838
31580555
31577102
31577261
31578599
35459975
22387247
68112993
54623677
49021505
24253767
24851602
42359075
73681123
73748407
72202664
74770408
75656499
74475673
24964531
58186407
4754941
4712755
4689163
11593000
14004095
4707693
74884043
75328113
28734254
23897285
6945797
38384239
24238674
24003400
15851294
3931483
76306210
16561796
8462249
16059206
77112208
77438576
77112257
20869583
21259859
4727919
4755405
31567848
6945823
13979741
77872136
77685800
77716649
6921665
77874269
39668195
14381959
77580924
76483648
9982568
77747593
77745092
13979755
14239844
13856210
13804475
14104440
77983159
39307761
4754809
16379026
77850867
16563189
68052842
69255643
64672917
69863259
72040737
73172863
72821133
70636070
66828556
48141210
18002118
34816942
11051199
46822268
15250714
1342413
49365889
15255380
58798169
76359163
14266873
2945915
75985583
2937653
4712851
74770803
4727915
2949385
77744622
6921581
563730
10481335
22157935
14004079
11745853
77986335
78878686
3237845
5866431
5858839
5899395
751409
77762724
56068569
77767028
553311
4754783
4754781
4712711
4727773
7618799
6938173
21091490
22508803
24969237
34240157
31568801
31571344
31622243
31578503
36019650
36019246
40930563
15813299
12037863
15927488
15792667
17031304
15851314
49021621
73682870
74729502
74881977
74884007
74907357
74770533
14434951
12511987
4707655
75994806
76451695
25385968
50383576
4712993
6945641
6945795
6945701
16556338
4727607
77662358
77682254
15332984
44932427
77765100
4738735
15792611
39721285
77851923
77918539
6933289
77662102
4738337
2570635
6954247
13451194
77704594
78019637
77744522
77852615
22080969
12330297
14272380
5946231
6945799
16317236
77985952
77659885
77197307
77981392
76299429
64462865
66151248
62770766
74408951
71935259
72740809
77728788
32993987
73390149
34576399
71075476
70908717
62813539
45350119
72089646
74219825
72687086
77871086
75558991
74771121
14500184
13932497
44753511
13968857
563086
11630707
5945587
11874388
10692573
14434961
14270844
14381957
43184480
15250598
4754797
77780813
4712907
4727771
4755375
4712913
7354279
15927447
15802695
15669659
15792674
15792647
15792644
15330891
16342881
24854863
21849531
31575580
31571180
38271786
32865645
25036388
24960692
24970114
33769749
75570940
72671395
74389723
73890087
74882150
73600032
73680852
73744993
66419295
50780747
49021350
14175875
12677830
14169563
14169552
21180709
790894
68541236
74457701
13855974
75994547
75994984
75999242
6921773
6911681
6954263
39324615
77659729
77560004
14459311
12489279
4689101
14262985
24964650
11407334
23068719
50763047
75652400
4738769
58980261
39307919
16059212
77746983
74238684
3318089
74883144
77721858
77112159
77137274
77111735
77111982
77678200
58940832
15366953
4738761
73599742
10771966
13952706
6954221
77115024
77916908
76594084
20416755
77659668
65063466
65104045
67858817
68446044
66251373
26702584
60880518
442657
15250576
24539139
12600657
75615090
75660376
73685012
78334811
14169535
4689111
77755053
78727449
972964
22631248
58949037
563258
11950859
22176018
7283677
24897023
12510312
77137234
4754707
5849845
5866463
5895601
5876203
4754949
15792648
15851305
15792668
15345481
14171272
14171268
22081448
21473448
14934856
11804213
4712973
4713315
4712863
7615433
4754709
7354703
24855306
15250321
552000
2570679
2185645
4689167
12320830
12331809
12329364
13933078
31893524
31575867
31576423
31575192
49009500
49021455
66391501
31587123
24029926
41571287
52384390
58616961
74884527
74883966
74465226
74729968
7352275
474368
14270850
6909161
14267377
12678349
4708453
4713323
4712995
15792675
25622074
77899676
77112414
77661716
15830097
14166347
77137238
75666490
71955915
75994653
4738763
71156438
6954257
13804054
14171260
75398161
16561791
14169557
77850183
13885770
17505323
12693534
9792846
13806639
77988496
40203561
15412837
2570643
39657514
77746780
37872347
14166494
4739273
9945532
73684922
47728909
2570627
65002119
66828596
68541040
68297085
69909783
68855490
72689376
22926642
31627179
69343036
72891275
72881729
6921731
77718081
38277787
22387415
11381516
77198693
74404964
77718558
50698207
9331900
78880811
49803750
2949629
14381965
10119237
11802205
5973785
11801141
78616056
11733766
5945611
3427325
78872402
73747332
4708445
14174332
4739545
2545817
5866439
5876197
14270842
14166534
21466828
14787900
825416
543966
4754879
4755103
17580208
16563191
22508625
22388136
15448392
15851162
15851164
15792680
15792676
15792678
13979737
14166719
14423900
4707803
4712931
10771725
14059209
12331064
13968787
24534236
24851963
41508559
43724033
38270583
24970957
49021639
47741811
68251516
68251362
53867674
31575702
33511349
28733904
31577446
31585693
74397696
73687706
74770761
74729412
73532641
474363
14166164
14270847
12673392
14270832
12673476
54628118
14787033
19861350
2340065
71691523
58178701
6954197
6933099
6933273
4738733
6921643
40211850
4755367
77745298
14787696
77900139
77111768
77113571
4712747
2246527
12516480
39682847
11946992
14266907
14262977
13638315
77743966
6921713
73600417
77870495
12488450
39308028
32995332
4738649
8406088
24950020
77875203
77530866
50230821
32408025
22973155
4755141
23399133
21281744
16562642
4754775
77741522
4707365
62341390
68541155
68448207
24054869
70797599
15366965
69192869
14027420
43106360
72185593
44822686
52730422
53871815
73532546
66457278
15333008
4712869
2926343
78607632
14266909
5957173
9974221
14166569
77197938
78878688
50383582
78951808
77153988
53265713
41612022
66897349
5866445
5895523
5866451
5866525
4738775
6921645
16563925
77927351
11804223
2570687
4708391
4712637
13968999
13885739
15332988
15851244
4754837
4755025
4755243
16182489
20689602
22081718
28734067
28734156
31890795
31894893
31578725
31577575
31577816
31580887
31585099
36017714
56689137
66388585
66408571
47735267
66417666
50383578
50231064
49021494
73881390
72683514
73747998
74494472
74729602
74729303
74770010
75596957
24950042
37884313
33369496
33371267
7357427
4738673
12487693
76193953
58165773
49409158
47725859
4739163
48247803
73681901
4755379
14071588
6921721
6954259
15332972
14082436
16590464
6945703
2547035
4754825
77111833
4738749
47737663
39222482
31559597
74457635
16562938
4738659
77719662
49021603
77112105
77330134
77910611
74440538
6954245
6933149
14241268
40189427
77927226
77986806
19696930
7376317
39323556
67935928
58189143
67063189
67063374
74907308
72758139
14011448
72098539
33211060
6911493
1342741
50072445
10771940
58614222
32721055
72202686
62344776
69457219
14434957
4713093
74769979
24251827
8326085
6935013
14166720
77774488
21143467
11875163
23470862
10678576
15260243
52811048
15332996
19806916
7382195
4754947
5876237
5866415
11804052
21180717