22881852
436515
706939
332626
15134102
315230
337774
11119019
1822907
2048897
462863
517233
408804
25203200
339739
1586155
22878271
560521
546201
334838
435090
42656731
560242
1056116
22881827
49181801
4627387
36315984
15134124
23437685
23437828
462973
72744539
442341
342102
420886
435249
435248
956225
555139
424851
23437658
59336562
25980689
435246
332079
435239
401818
23436969
11849714
34752835
424920
40033735
22878937
15134100
332526
1586103
16613544
507619
58080742
25679183
332970
26600680
331578
22881933
7720267
424945
6902289
2835951
25203389
7448487
332528
428365
339296
1744927
603608
2371045
1688439
15639061
26148972
23439017
31878752
393976
342742
313653
489925
2530847
442331
646803
59326433
436137
3284713
435075
15134108
416401
6513023
57913194
29355915
908357
4552501
25204429
436501
15655943
45164173
333043
25203913
8358052
2441503
4552507
526277
11119017
315219
489440
2245283
7917827
547157
338995
315391
462781
15134137
22253791
368503
7695680
22881948
14619495
2465111
337865
50238789
25002363
560425
490046
45260271
22955838
525603
485308
4336127
15638964
526561
2248721
31648822
15942260
376791
518683
7203175
2068027
7917830
7194295
25205574
2182091
489725
22253788
338153
15655955
416348
3320499
342748
2248683
8357948
2030509
435231
15655977
25202299
57913192
508406
339347
2530069
442305
31878907
22881835
13882742
3849395
48575475
559879
416377
2016235
22880036
22881666
346760
442343
15639078
48862978
2466549
2209065
8358062
473942
22956078
1384891
436140
2848367
546236
2044073
2181765
7672726
59297392
31878893
531757
2248923
430269
2292561
2465121
13758654
58710538
519016
688847
338286
25203650
1599515
2245281
2137883
416424
2182089
19808852
11573091
650927
73584910
351775
58711536
902669
3856929
428362
50247577
463046
339740
7193939
36316044
489819
15639074
49916033
2848369
887532
531740
11504006
908333
416459
513658
34752428
426395
3853605
4598637
15655939
2015857
416374
313402
559878
32222220
4271025
10184579
573996
31648288
3855041
22881852
436515
706939
332626
15134102
315230
337774
11119019
1822907
2048897
462863
517233
408804
25203200
339739
1586155
22878271
560521
546201
334838
435090
42656731
560242
1056116
22881827
49181801
4627387
36315984
15134124
23437685
23437828
462973
72744539
442341
342102
420886
435249
435248
956225
555139
424851
23437658
59336562
25980689
435246
332079
435239
401818
23436969
11849714
34752835
424920
40033735
22878937
15134100
332526
1586103
16613544
507619
58080742
25679183
332970
26600680
331578
22881933
7720267
424945
6902289
2835951
25203389
7448487
332528
428365
339296
1744927
603608
2371045
1688439
15639061
26148972
23439017
31878752
393976
342742
313653
489925
2530847
442331
646803
59326433
436137
3284713
435075
15134108
416401
6513023
57913194
29355915
908357
4552501
25204429
436501
15655943
45164173
333043
25203913
8358052
2441503
4552507
526277
11119017
315219
489440
2245283
7917827
547157
338995
315391
462781
15134137
22253791
368503
7695680
22881948
14619495
2465111
337865
50238789
25002363
560425
490046
45260271
22955838
525603
485308
4336127
15638964
526561
2248721
31648822
15942260
376791
518683
7203175
2068027
7917830
7194295
25205574
2182091
489725
22253788
338153
15655955
416348
3320499
342748
2248683
8357948
2030509
435231
15655977
25202299
57913192
508406
339347
2530069
442305
31878907
22881835
13882742
3849395
48575475
559879
416377
2016235
22880036
22881666
346760
442343
15639078
48862978
2466549
2209065
8358062
473942
22956078
1384891
436140
2848367
546236
2044073
2181765
7672726
59297392
31878893
531757
2248923
430269
2292561
2465121
13758654
58710538
519016
688847
338286
25203650
1599515
2245281
2137883
416424
2182089
19808852
11573091
650927
73584910
351775
58711536
902669
3856929
428362
50247577
463046
339740
7193939
36316044
489819
15639074
49916033
2848369
887532
531740
11504006
908333
416459
513658
34752428
426395
3853605
4598637
15655939
2015857
416374
313402
559878
32222220
4271025
10184579
573996
31648288
3855041
22881852
436515
706939
332626
15134102
315230
337774
11119019
1822907
2048897
462863
517233
408804
25203200
339739
1586155
22878271
560521
546201
334838
435090
42656731
560242
1056116
22881827
49181801
4627387
36315984
15134124
23437685
23437828
462973
72744539
442341
342102
420886
435249
435248
956225
555139
424851
23437658
59336562
25980689
435246
332079
435239
401818
23436969
11849714
34752835
424920
40033735
22878937
15134100
332526
1586103
16613544
507619
58080742
25679183
332970
26600680
331578
22881933
7720267
424945
6902289
2835951
25203389
7448487
332528
428365
339296
1744927
603608
2371045
1688439
15639061
26148972
23439017
31878752
393976
342742
313653
489925
2530847
442331
646803
59326433
436137
3284713
435075
15134108
416401
6513023
57913194
29355915
908357
4552501
25204429
436501
15655943
45164173
333043
25203913
8358052
2441503
4552507
526277
11119017
315219
489440
2245283
7917827
547157
338995
315391
462781
15134137
22253791
368503
7695680
22881948
14619495
2465111
337865
50238789
25002363
560425
490046
45260271
22955838
525603
485308
4336127
15638964
526561
2248721
31648822
15942260
376791
518683
7203175
2068027
7917830
7194295
25205574
2182091
489725
22253788
338153
15655955
416348
3320499
342748
2248683
8357948
2030509
435231
15655977
25202299
57913192
508406
339347
2530069
442305
31878907
22881835
13882742
3849395
48575475
559879
416377
2016235
22880036
22881666
346760
442343
15639078
48862978
2466549
2209065
8358062
473942
22956078
1384891
436140
2848367
546236
2044073
2181765
7672726
59297392
31878893
531757
2248923
430269
2292561
2465121
13758654
58710538
519016
688847
338286
25203650
1599515
2245281
2137883
416424
2182089
19808852
11573091
650927
73584910
351775
58711536
902669
3856929
428362
50247577
463046
339740
7193939
36316044
489819
15639074
49916033
2848369
887532
531740
11504006
908333
416459
513658
34752428
426395
3853605
4598637
15655939
2015857
416374
313402
559878
32222220
4271025
10184579
573996
31648288
3855041
22881852
436515
706939
332626
15134102
315230
337774
11119019
1822907
2048897
462863
517233
408804
25203200
339739
1586155
22878271
560521
546201
334838
435090
42656731
560242
1056116
22881827
49181801
4627387
36315984
15134124
23437685
23437828
462973
72744539
442341
342102
420886
435249
435248
956225
555139
424851
23437658
59336562
25980689
435246
332079
435239
401818
23436969
11849714
34752835
424920
40033735
22878937
15134100
332526
1586103
16613544
507619
58080742
25679183
332970
26600680
331578
22881933
7720267
424945
6902289
2835951
25203389
7448487
332528
428365
339296
1744927
603608
2371045
1688439
15639061
26148972
23439017
31878752
393976
342742
313653
489925
2530847
442331
646803
59326433
436137
3284713
435075
15134108
416401
6513023
57913194
29355915
908357
4552501
25204429
436501
15655943
45164173
333043
25203913
8358052
2441503
4552507
526277
11119017
315219
489440
2245283
7917827
547157
338995
315391
462781
15134137
22253791
368503
7695680
22881948
14619495
2465111
337865
50238789
25002363
560425
490046
45260271
22955838
525603
485308
4336127
15638964
526561
2248721
31648822
15942260
376791
518683
7203175
2068027
7917830
7194295
25205574
2182091
489725
22253788
338153
15655955
416348
3320499
342748
2248683
8357948
2030509
435231
15655977
25202299
57913192
508406
339347
2530069
442305
31878907
22881835
13882742
3849395
48575475
559879
416377
2016235
22880036
22881666
346760
442343
15639078
48862978
2466549
2209065
8358062
473942
22956078
1384891
436140
2848367
546236
2044073
2181765
7672726
59297392
31878893
531757
2248923
430269
2292561
2465121
13758654
58710538
519016
688847
338286
25203650
1599515
2245281
2137883
416424
2182089
19808852
11573091
650927
73584910
351775
58711536
902669
3856929
428362
50247577
463046
339740
7193939
36316044
489819
15639074
49916033
2848369
887532
531740
11504006
908333
416459
513658
34752428
426395
3853605
4598637
15655939
2015857
416374
313402
559878
32222220
4271025
10184579
573996
31648288
3855041
22881852
436515
706939
332626
15134102
315230
337774
11119019
1822907
2048897
462863
517233
408804
25203200
339739
1586155
22878271
560521
546201
334838
435090
42656731
560242
1056116
22881827
49181801
4627387
36315984
15134124
23437685
23437828
462973
72744539
442341
342102
420886
435249
435248
956225
555139
424851
23437658
59336562
25980689
435246
332079
435239
401818
23436969
11849714
34752835
424920
40033735
22878937
15134100
332526
1586103
16613544
507619
58080742
25679183
332970
26600680
331578
22881933
7720267
424945
6902289
2835951
25203389
7448487
332528
428365
339296
1744927
603608
2371045
1688439
15639061
26148972
23439017
31878752
393976
342742
313653
489925
2530847
442331
646803
59326433
436137
3284713
435075
15134108
416401
6513023
57913194
29355915
908357
4552501
25204429
436501
15655943
45164173
333043
25203913
8358052
2441503
4552507
526277
11119017
315219
489440
2245283
7917827
547157
338995
315391
462781
15134137
22253791
368503
7695680
22881948
14619495
2465111
337865
50238789
25002363
560425
490046
45260271
22955838
525603
485308
4336127
15638964
526561
2248721
31648822
15942260
376791
518683
7203175
2068027
7917830
7194295
25205574
2182091
489725
22253788
338153
15655955
416348
3320499
342748
2248683
8357948
2030509
435231
15655977
25202299
57913192
508406
339347
2530069
442305
31878907
22881835
13882742
3849395
48575475
559879
416377
2016235
22880036
22881666
346760
442343
15639078
48862978
2466549
2209065
8358062
473942
22956078
1384891
436140
2848367
546236
2044073
2181765
7672726
59297392
31878893
531757
2248923
430269
2292561
2465121
13758654
58710538
519016
688847
338286
25203650
1599515
2245281
2137883
416424
2182089
19808852
11573091
650927
73584910
351775
58711536
902669
3856929
428362
50247577
463046
339740
7193939
36316044
489819
15639074
49916033
2848369
887532
531740
11504006
908333
416459
513658
34752428
426395
3853605
4598637
15655939
2015857
416374
313402
559878
32222220
4271025
10184579
573996
31648288
3855041
22881852
436515
706939
332626
15134102
315230
337774
11119019
1822907
2048897
462863
517233
408804
25203200
339739
1586155
22878271
560521
546201
334838
435090
42656731
560242
1056116
22881827
49181801
4627387
36315984
15134124
23437685
23437828
462973
72744539
442341
342102
420886
435249
435248
956225
555139
424851
23437658
59336562
25980689
435246
332079
435239
401818
23436969
11849714
34752835
424920
40033735
22878937
15134100
332526
1586103
16613544
507619
58080742
25679183
332970
26600680
331578
22881933
7720267
424945
6902289
2835951
25203389
7448487
332528
428365
339296
1744927
603608
2371045
1688439
15639061
26148972
23439017
31878752
393976
342742
313653
489925
2530847
442331
646803
59326433
436137
3284713
435075
15134108
416401
6513023
57913194
29355915
908357
4552501
25204429
436501
15655943
45164173
333043
25203913
8358052
2441503
4552507
526277
11119017
315219
489440
2245283
7917827
547157
338995
315391
462781
15134137
22253791
368503
7695680
22881948
14619495
2465111
337865
50238789
25002363
560425
490046
45260271
22955838
525603
485308
4336127
15638964
526561
2248721
31648822
15942260
376791
518683
7203175
2068027
7917830
7194295
25205574
2182091
489725
22253788
338153
15655955
416348
3320499
342748
2248683
8357948
2030509
435231
15655977
25202299
57913192
508406
339347
2530069
442305
31878907
22881835
13882742
3849395
48575475
559879
416377
2016235
22880036
22881666
346760
442343
15639078
48862978
2466549
2209065
8358062
473942
22956078
1384891
436140
2848367
546236
2044073
2181765
7672726
59297392
31878893
531757
2248923
430269
2292561
2465121
13758654
58710538
519016
688847
338286
25203650
1599515
2245281
2137883
416424
2182089
19808852
11573091
650927
73584910
351775
58711536
902669
3856929
428362
50247577
463046
339740
7193939
36316044
489819
15639074
49916033
2848369
887532
531740
11504006
908333
416459
513658
34752428
426395
3853605
4598637
15655939
2015857
416374
313402
559878
32222220
4271025
10184579
573996
31648288
3855041
22881852
436515
706939
332626
15134102
315230
337774
11119019
1822907
2048897
462863
517233
408804
25203200
339739
1586155
22878271
560521
546201
334838
435090
42656731
560242
1056116
22881827
49181801
4627387
36315984
15134124
23437685
23437828
462973
72744539
442341
342102
420886
435249
435248
956225
555139
424851
23437658
59336562
25980689
435246
332079
435239
401818
23436969
11849714
34752835
424920
40033735
22878937
15134100
332526
1586103
16613544
507619
58080742
25679183
332970
26600680
331578
22881933
7720267
424945
6902289
2835951
25203389
7448487
332528
428365
339296
1744927
603608
2371045
1688439
15639061
26148972
23439017
31878752
393976
342742
313653
489925
2530847
442331
646803
59326433
436137
3284713
435075
15134108
416401
6513023
57913194
29355915
908357
4552501
25204429
436501
15655943
45164173
333043
25203913
8358052
2441503
4552507
526277
11119017
315219
489440
2245283
7917827
547157
338995
315391
462781
15134137
22253791
368503
7695680
22881948
14619495
2465111
337865
50238789
25002363
560425
490046
45260271
22955838
525603
485308
4336127
15638964
526561
2248721
31648822
15942260
376791
518683
7203175
2068027
7917830
7194295
25205574
2182091
489725
22253788
338153
15655955
416348
3320499
342748
2248683
8357948
2030509
435231
15655977
25202299
57913192
508406
339347
2530069
442305
31878907
22881835
13882742
3849395
48575475
559879
416377
2016235
22880036
22881666
346760
442343
15639078
48862978
2466549
2209065
8358062
473942
22956078
1384891
436140
2848367
546236
2044073
2181765
7672726
59297392
31878893
531757
2248923
430269
2292561
2465121
13758654
58710538
519016
688847
338286
25203650
1599515
2245281
2137883
416424
2182089
19808852
11573091
650927
73584910
351775
58711536
902669
3856929
428362
50247577
463046
339740
7193939
36316044
489819
15639074
49916033
2848369
887532
531740
11504006
908333
416459
513658
34752428
426395
3853605
4598637
15655939
2015857
416374
313402
559878
32222220
4271025
10184579
573996
31648288
3855041
22881852
436515
706939
332626
15134102
315230
337774
11119019
1822907
2048897
462863
517233
408804
25203200
339739
1586155
22878271
560521
546201
334838
435090
42656731
560242
1056116
22881827
49181801
4627387
36315984
15134124
23437685
23437828
462973
72744539
442341
342102
420886
435249
435248
956225
555139
424851
23437658
59336562
25980689
435246
332079
435239
401818
23436969
11849714
34752835
424920
40033735
22878937
15134100
332526
1586103
16613544
507619
58080742
25679183
332970
26600680
331578
22881933
7720267
424945
6902289
2835951
25203389
7448487
332528
428365
339296
1744927
603608
2371045
1688439
15639061
26148972
23439017
31878752
393976
342742
313653
489925
2530847
442331
646803
59326433
436137
3284713
435075
15134108
416401
6513023
57913194
29355915
908357
4552501
25204429
436501
15655943
45164173
333043
25203913
8358052
2441503
4552507
526277
11119017
315219
489440
2245283
7917827
547157
338995
315391
462781
15134137
22253791
368503
7695680
22881948
14619495
2465111
337865
50238789
25002363
560425
490046
45260271
22955838
525603
485308
4336127
15638964
526561
2248721
31648822
15942260
376791
518683
7203175
2068027
7917830
7194295
25205574
2182091
489725
22253788
338153
15655955
416348
3320499
342748
2248683
8357948
2030509
435231
15655977
25202299
57913192
508406
339347
2530069
442305
31878907
22881835
13882742
3849395
48575475
559879
416377
2016235
22880036
22881666
346760
442343
15639078
48862978
2466549
2209065
8358062
473942
22956078
1384891
436140
2848367
546236
2044073
2181765
7672726
59297392
31878893
531757
2248923
430269
2292561
2465121
13758654
58710538
519016
688847
338286
25203650
1599515
2245281
2137883
416424
2182089
19808852
11573091
650927
73584910
351775
58711536
902669
3856929
428362
50247577
463046
339740
7193939
36316044
489819
15639074
49916033
2848369
887532
531740
11504006
908333
416459
513658
34752428
426395
3853605
4598637
15655939
2015857
416374
313402
559878
32222220
4271025
10184579
573996
31648288
3855041
22881852
436515
706939
332626
15134102
315230
337774
11119019
1822907
2048897
462863
517233
408804
25203200
339739
1586155
22878271
560521
546201
334838
435090
42656731
560242
1056116
22881827
49181801
4627387
36315984
15134124
23437685
23437828
462973
72744539
442341
342102
420886
435249
435248
956225
555139
424851
23437658
59336562
25980689
435246
332079
435239
401818
23436969
11849714
34752835
424920
40033735
22878937
15134100
332526
1586103
16613544
507619
58080742
25679183
332970
26600680
331578
22881933
7720267
424945
6902289
2835951
25203389
7448487
332528
428365
339296
1744927
603608
2371045
1688439
15639061
26148972
23439017
31878752
393976
342742
313653
489925
2530847
442331
646803
59326433
436137
3284713
435075
15134108
416401
6513023
57913194
29355915
908357
4552501
25204429
436501
15655943
45164173
333043
25203913
8358052
2441503
4552507
526277
11119017
315219
489440
2245283
7917827
547157
338995
315391
462781
15134137
22253791
368503
7695680
22881948
14619495
2465111
337865
50238789
25002363
560425
490046
45260271
22955838
525603
485308
4336127
15638964
526561
2248721
31648822
15942260
376791
518683
7203175
2068027
7917830
7194295
25205574
2182091
489725
22253788
338153
15655955
416348
3320499
342748
2248683
8357948
2030509
435231
15655977
25202299
57913192
508406
339347
2530069
442305
31878907
22881835
13882742
3849395
48575475
559879
416377
2016235
22880036
22881666
346760
442343
15639078
48862978
2466549
2209065
8358062
473942
22956078
1384891
436140
2848367
546236
2044073
2181765
7672726
59297392
31878893
531757
2248923
430269
2292561
2465121
13758654
58710538
519016
688847
338286
25203650
1599515
2245281
2137883
416424
2182089
19808852
11573091
650927
73584910
351775
58711536
902669
3856929
428362
50247577
463046
339740
7193939
36316044
489819
15639074
49916033
2848369
887532
531740
11504006
908333
416459
513658
34752428
426395
3853605
4598637
15655939
2015857
416374
313402
559878
32222220
4271025
10184579
573996
31648288
3855041
22881852
436515
706939
332626
15134102
315230
337774
11119019
1822907
2048897
462863
517233
408804
25203200
339739
1586155
22878271
560521
546201
334838
435090
42656731
560242
1056116
22881827
49181801
4627387
36315984
15134124
23437685
23437828
462973
72744539
442341
342102
420886
435249
435248
956225
555139
424851
23437658
59336562
25980689
435246
332079
435239
401818
23436969
11849714
34752835
424920
40033735
22878937
15134100
332526
1586103
16613544
507619
58080742
25679183
332970
26600680
331578
22881933
7720267
424945
6902289
2835951
25203389
7448487
332528
428365
339296
1744927
603608
2371045
1688439
15639061
26148972
23439017
31878752
393976
342742
313653
489925
2530847
442331
646803
59326433
436137
3284713
435075
15134108
416401
6513023
57913194
29355915
908357
4552501
25204429
436501
15655943
45164173
333043
25203913
8358052
2441503
4552507
526277
11119017
315219
489440
2245283
7917827
547157
338995
315391
462781
15134137
22253791
368503
7695680
22881948
14619495
2465111
337865
50238789
25002363
560425
490046
45260271
22955838
525603
485308
4336127
15638964
526561
2248721
31648822
15942260
376791
518683
7203175
2068027
7917830
7194295
25205574
2182091
489725
22253788
338153
15655955
416348
3320499
342748
2248683
8357948
2030509
435231
15655977
25202299
57913192
508406
339347
2530069
442305
31878907
22881835
13882742
3849395
48575475
559879
416377
2016235
22880036
22881666
346760
442343
15639078
48862978
2466549
2209065
8358062
473942
22956078
1384891
436140
2848367
546236
2044073
2181765
7672726
59297392
31878893
531757
2248923
430269
2292561
2465121
13758654
58710538
519016
688847
338286
25203650
1599515
2245281
2137883
416424
2182089
19808852
11573091
650927
73584910
351775
58711536
902669
3856929
428362
50247577
463046
339740
7193939
36316044
489819
15639074
49916033
2848369
887532
531740
11504006
908333
416459
513658
34752428
426395
3853605
4598637
15655939
2015857
416374
313402
559878
32222220
4271025
10184579
573996
31648288
3855041
22881852
436515
706939
332626
15134102
315230
337774
11119019
1822907
2048897
462863
517233
408804
25203200
339739
1586155
22878271
560521
546201
334838
435090
42656731
560242
1056116
22881827
49181801
4627387
36315984
15134124
23437685
23437828
462973
72744539
442341
342102
420886
435249
435248
956225
555139
424851
23437658
59336562
25980689
435246
332079
435239
401818
23436969
11849714
34752835
424920
40033735
22878937
15134100
332526
1586103
16613544
507619
58080742
25679183
332970
26600680
331578
22881933
7720267
424945
6902289
2835951
25203389
7448487
332528
428365
339296
1744927
603608
2371045
1688439
15639061
26148972
23439017
31878752
393976
342742
313653
489925
2530847
442331
646803
59326433
436137
3284713
435075
15134108
416401
6513023
57913194
29355915
908357
4552501
25204429
436501
15655943
45164173
333043
25203913
8358052
2441503
4552507
526277
11119017
315219
489440
2245283
7917827
547157
338995
315391
462781
15134137
22253791
368503
7695680
22881948
14619495
2465111
337865
50238789
25002363
560425
490046
45260271
22955838
525603
485308
4336127
15638964
526561
2248721
31648822
15942260
376791
518683
7203175
2068027
7917830
7194295
25205574
2182091
489725
22253788
338153
15655955
416348
3320499
342748
2248683
8357948
2030509
435231
15655977
25202299
57913192
508406
339347
2530069
442305
31878907
22881835
13882742
3849395
48575475
559879
416377
2016235
22880036
22881666
346760
442343
15639078
48862978
2466549
2209065
8358062
473942
22956078
1384891
436140
2848367
546236
2044073
2181765
7672726
59297392
31878893
531757
2248923
430269
2292561
2465121
13758654
58710538
519016
688847
338286
25203650
1599515
2245281
2137883
416424
2182089
19808852
11573091
650927
73584910
351775
58711536
902669
3856929
428362
50247577
463046
339740
7193939
36316044
489819
15639074
49916033
2848369
887532
531740
11504006
908333
416459
513658
34752428
426395
3853605
4598637
15655939
2015857
416374
313402
559878
32222220
4271025
10184579
573996
31648288
3855041
22881852
436515
706939
332626
15134102
315230
337774
11119019
1822907
2048897
462863
517233
408804
25203200
339739
1586155
22878271
560521
546201
334838
435090
42656731
560242
1056116
22881827
49181801
4627387
36315984
15134124
23437685
23437828
462973
72744539
442341
342102
420886
435249
435248
956225
555139
424851
23437658
59336562
25980689
435246
332079
435239
401818
23436969
11849714
34752835
424920
40033735
22878937
15134100
332526
1586103
16613544
507619
58080742
25679183
332970
26600680
331578
22881933
7720267
424945
6902289
2835951
25203389
7448487
332528
428365
339296
1744927
603608
2371045
1688439
15639061
26148972
23439017
31878752
393976
342742
313653
489925
2530847
442331
646803
59326433
436137
3284713
435075
15134108
416401
6513023
57913194
29355915
908357
4552501
25204429
436501
15655943
45164173
333043
25203913
8358052
2441503
4552507
526277
11119017
315219
489440
2245283
7917827
547157
338995
315391
462781
15134137
22253791
368503
7695680
22881948
14619495
2465111
337865
50238789
25002363
560425
490046
45260271
22955838
525603
485308
4336127
15638964
526561
2248721
31648822
15942260
376791
518683
7203175
2068027
7917830
7194295
25205574
2182091
489725
22253788
338153
15655955
416348
3320499
342748
2248683
8357948
2030509
435231
15655977
25202299
57913192
508406
339347
2530069
442305
31878907
22881835
13882742
3849395
48575475
559879
416377
2016235
22880036
22881666
346760
442343
15639078
48862978
2466549
2209065
8358062
473942
22956078
1384891
436140
2848367
546236
2044073
2181765
7672726
59297392
31878893
531757
2248923
430269
2292561
2465121
13758654
58710538
519016
688847
338286
25203650
1599515
2245281
2137883
416424
2182089
19808852
11573091
650927
73584910
351775
58711536
902669
3856929
428362
50247577
463046
339740
7193939
36316044
489819
15639074
49916033
2848369
887532
531740
11504006
908333
416459
513658
34752428
426395
3853605
4598637
15655939
2015857
416374
313402
559878
32222220
4271025
10184579
573996
31648288
3855041
22881852
436515
706939
332626
15134102
315230
337774
11119019
1822907
2048897
462863
517233
408804
25203200
339739
1586155
22878271
560521
546201
334838
435090
42656731
560242
1056116
22881827
49181801
4627387
36315984
15134124
23437685
23437828
462973
72744539
442341
342102
420886
435249
435248
956225
555139
424851
23437658
59336562
25980689
435246
332079
435239
401818
23436969
11849714
34752835
424920
40033735
22878937
15134100
332526
1586103
16613544
507619
58080742
25679183
332970
26600680
331578
22881933
7720267
424945
6902289
2835951
25203389
7448487
332528
428365
339296
1744927
603608
2371045
1688439
15639061
26148972
23439017
31878752
393976
342742
313653
489925
2530847
442331
646803
59326433
436137
3284713
435075
15134108
416401
6513023
57913194
29355915
908357
4552501
25204429
436501
15655943
45164173
333043
25203913
8358052
2441503
4552507
526277
11119017
315219
489440
2245283
7917827
547157
338995
315391
462781
15134137
22253791
368503
7695680
22881948
14619495
2465111
337865
50238789
25002363
560425
490046
45260271
22955838
525603
485308
4336127
15638964
526561
2248721
31648822
15942260
376791
518683
7203175
2068027
7917830
7194295
25205574
2182091
489725
22253788
338153
15655955
416348
3320499
342748
2248683
8357948
2030509
435231
15655977
25202299
57913192
508406
339347
2530069
442305
31878907
22881835
13882742
3849395
48575475
559879
416377
2016235
22880036
22881666
346760
442343
15639078
48862978
2466549
2209065
8358062
473942
22956078
1384891
436140
2848367
546236
2044073
2181765
7672726
59297392
31878893
531757
2248923
430269
2292561
2465121
13758654
58710538
519016
688847
338286
25203650
1599515
2245281
2137883
416424
2182089
19808852
11573091
650927
73584910
351775
58711536
902669
3856929
428362
50247577
463046
339740
7193939
36316044
489819
15639074
49916033
2848369
887532
531740
11504006
908333
416459
513658
34752428
426395
3853605
4598637
15655939
2015857
416374
313402
559878
32222220
4271025
10184579
573996
31648288
3855041
22881852
436515
706939
332626
15134102
315230
337774
11119019
1822907
2048897
462863
517233
408804
25203200
339739
1586155
22878271
560521
546201
334838
435090
42656731
560242
1056116
22881827
49181801
4627387
36315984
15134124
23437685
23437828
462973
72744539
442341
342102
420886
435249
435248
956225
555139
424851
23437658
59336562
25980689
435246
332079
435239
401818
23436969
11849714
34752835
424920
40033735
22878937
15134100
332526
1586103
16613544
507619
58080742
25679183
332970
26600680
331578
22881933
7720267
424945
6902289
2835951
25203389
7448487
332528
428365
339296
1744927
603608
2371045
1688439
15639061
26148972
23439017
31878752
393976
342742
313653
489925
2530847
442331
646803
59326433
436137
3284713
435075
15134108
416401
6513023
57913194
29355915
908357
4552501
25204429
436501
15655943
45164173
333043
25203913
8358052
2441503
4552507
526277
11119017
315219
489440
2245283
7917827
547157
338995
315391
462781
15134137
22253791
368503
7695680
22881948
14619495
2465111
337865
50238789
25002363
560425
490046
45260271
22955838
525603
485308
4336127
15638964
526561
2248721
31648822
15942260
376791
518683
7203175
2068027
7917830
7194295
25205574
2182091
489725
22253788
338153
15655955
416348
3320499
342748
2248683
8357948
2030509
435231
15655977
25202299
57913192
508406
339347
2530069
442305
31878907
22881835
13882742
3849395
48575475
559879
416377
2016235
22880036
22881666
346760
442343
15639078
48862978
2466549
2209065
8358062
473942
22956078
1384891
436140
2848367
546236
2044073
2181765
7672726
59297392
31878893
531757
2248923
430269
2292561
2465121
13758654
58710538
519016
688847
338286
25203650
1599515
2245281
2137883
416424
2182089
19808852
11573091
650927
73584910
351775
58711536
902669
3856929
428362
50247577
463046
339740
7193939
36316044
489819
15639074
49916033
2848369
887532
531740
11504006
908333
416459
513658
34752428
426395
3853605
4598637
15655939
2015857
416374
313402
559878
32222220
4271025
10184579
573996
31648288
3855041
22881852
436515
706939
332626
15134102
315230
337774
11119019
1822907
2048897
462863
517233
408804
25203200
339739
1586155
22878271
560521
546201
334838
435090
42656731
560242
1056116
22881827
49181801
4627387
36315984
15134124
23437685
23437828
462973
72744539
442341
342102
420886
435249
435248
956225
555139
424851
23437658
59336562
25980689
435246
332079
435239
401818
23436969
11849714
34752835
424920
40033735
22878937
15134100
332526
1586103
16613544
507619
58080742
25679183
332970
26600680
331578
22881933
7720267
424945
6902289
2835951
25203389
7448487
332528
428365
339296
1744927
603608
2371045
1688439
15639061
26148972
23439017
31878752
393976
342742
313653
489925
2530847
442331
646803
59326433
436137
3284713
435075
15134108
416401
6513023
57913194
29355915
908357
4552501
25204429
436501
15655943
45164173
333043
25203913
8358052
2441503
4552507
526277
11119017
315219
489440
2245283
7917827
547157
338995
315391
462781
15134137
22253791
368503
7695680
22881948
14619495
2465111
337865
50238789
25002363
560425
490046
45260271
22955838
525603
485308
4336127
15638964
526561
2248721
31648822
15942260
376791
518683
7203175
2068027
7917830
7194295
25205574
2182091
489725
22253788
338153
15655955
416348
3320499
342748
2248683
8357948
2030509
435231
15655977
25202299
57913192
508406
339347
2530069
442305
31878907
22881835
13882742
3849395
48575475
559879
416377
2016235
22880036
22881666
346760
442343
15639078
48862978
2466549
2209065
8358062
473942
22956078
1384891
436140
2848367
546236
2044073
2181765
7672726
59297392
31878893
531757
2248923
430269
2292561
2465121
13758654
58710538
519016
688847
338286
25203650
1599515
2245281
2137883
416424
2182089
19808852
11573091
650927
73584910
351775
58711536
902669
3856929
428362
50247577
463046
339740
7193939
36316044
489819
15639074
49916033
2848369
887532
531740
11504006
908333
416459
513658
34752428
426395
3853605
4598637
15655939
2015857
416374
313402
559878
32222220
4271025
10184579
573996
31648288
3855041
22881852
436515
706939
332626
15134102
315230
337774
11119019
1822907
2048897
462863
517233
408804
25203200
339739
1586155
22878271
560521
546201
334838
435090
42656731
560242
1056116
22881827
49181801
4627387
36315984
15134124
23437685
23437828
462973
72744539
442341
342102
420886
435249
435248
956225
555139
424851
23437658
59336562
25980689
435246
332079
435239
401818
23436969
11849714
34752835
424920
40033735
22878937
15134100
332526
1586103
16613544
507619
58080742
25679183
332970
26600680
331578
22881933
7720267
424945
6902289
2835951
25203389
7448487
332528
428365
339296
1744927
603608
2371045
1688439
15639061
26148972
23439017
31878752
393976
342742
313653
489925
2530847
442331
646803
59326433
436137
3284713
435075
15134108
416401
6513023
57913194
29355915
908357
4552501
25204429
436501
15655943
45164173
333043
25203913
8358052
2441503
4552507
526277
11119017
315219
489440
2245283
7917827
547157
338995
315391
462781
15134137
22253791
368503
7695680
22881948
14619495
2465111
337865
50238789
25002363
560425
490046
45260271
22955838
525603
485308
4336127
15638964
526561
2248721
31648822
15942260
376791
518683
7203175
2068027
7917830
7194295
25205574
2182091
489725
22253788
338153
15655955
416348
3320499
342748
2248683
8357948
2030509
435231
15655977
25202299
57913192
508406
339347
2530069
442305
31878907
22881835
13882742
3849395
48575475
559879
416377
2016235
22880036
22881666
346760
442343
15639078
48862978
2466549
2209065
8358062
473942
22956078
1384891
436140
2848367
546236
2044073
2181765
7672726
59297392
31878893
531757
2248923
430269
2292561
2465121
13758654
58710538
519016
688847
338286
25203650
1599515
2245281
2137883
416424
2182089
19808852
11573091
650927
73584910
351775
58711536
902669
3856929
428362
50247577
463046
339740
7193939
36316044
489819
15639074
49916033
2848369
887532
531740
11504006
908333
416459
513658
34752428
426395
3853605
4598637
15655939
2015857
416374
313402
559878
32222220
4271025
10184579
573996
31648288
3855041
22881852
436515
706939
332626
15134102
315230
337774
11119019
1822907
2048897
462863
517233
408804
25203200
339739
1586155
22878271
560521
546201
334838
435090
42656731
560242
1056116
22881827
49181801
4627387
36315984
15134124
23437685
23437828
462973
72744539
442341
342102
420886
435249
435248
956225
555139
424851
23437658
59336562
25980689
435246
332079
435239
401818
23436969
11849714
34752835
424920
40033735
22878937
15134100
332526
1586103
16613544
507619
58080742
25679183
332970
26600680
331578
22881933
7720267
424945
6902289
2835951
25203389
7448487
332528
428365
339296
1744927
603608
2371045
1688439
15639061
26148972
23439017
31878752
393976
342742
313653
489925
2530847
442331
646803
59326433
436137
3284713
435075
15134108
416401
6513023
57913194
29355915
908357
4552501
25204429
436501
15655943
45164173
333043
25203913
8358052
2441503
4552507
526277
11119017
315219
489440
2245283
7917827
547157
338995
315391
462781
15134137
22253791
368503
7695680
22881948
14619495
2465111
337865
50238789
25002363
560425
490046
45260271
22955838
525603
485308
4336127
15638964
526561
2248721
31648822
15942260
376791
518683
7203175
2068027
7917830
7194295
25205574
2182091
489725
22253788
338153
15655955
416348
3320499
342748
2248683
8357948
2030509
435231
15655977
25202299
57913192
508406
339347
2530069
442305
31878907
22881835
13882742
3849395
48575475
559879
416377
2016235
22880036
22881666
346760
442343
15639078
48862978
2466549
2209065
8358062
473942
22956078
1384891
436140
2848367
546236
2044073
2181765
7672726
59297392
31878893
531757
2248923
430269
2292561
2465121
13758654
58710538
519016
688847
338286
25203650
1599515
2245281
2137883
416424
2182089
19808852
11573091
650927
73584910
351775
58711536
902669
3856929
428362
50247577
463046
339740
7193939
36316044
489819
15639074
49916033
2848369
887532
531740
11504006
908333
416459
513658
34752428
426395
3853605
4598637
15655939
2015857
416374
313402
559878
32222220
4271025
10184579
573996
31648288
3855041
22881852
436515
706939
332626
15134102
315230
337774
11119019
1822907
2048897
462863
517233
408804
25203200
339739
1586155
22878271
560521
546201
334838
435090
42656731
560242
1056116
22881827
49181801
4627387
36315984
15134124
23437685
23437828
462973
72744539
442341
342102
420886
435249
435248
956225
555139
424851
23437658
59336562
25980689
435246
332079
435239
401818
23436969
11849714
34752835
424920
40033735
22878937
15134100
332526
1586103
16613544
507619
58080742
25679183
332970
26600680
331578
22881933
7720267
424945
6902289
2835951
25203389
7448487
332528
428365
339296
1744927
603608
2371045
1688439
15639061
26148972
23439017
31878752
393976
342742
313653
489925
2530847
442331
646803
59326433
436137
3284713
435075
15134108
416401
6513023
57913194
29355915
908357
4552501
25204429
436501
15655943
45164173
333043
25203913
8358052
2441503
4552507
526277
11119017
315219
489440
2245283
7917827
547157
338995
315391
462781
15134137
22253791
368503
7695680
22881948
14619495
2465111
337865
50238789
25002363
560425
490046
45260271
22955838
525603
485308
4336127
15638964
526561
2248721
31648822
15942260
376791
518683
7203175
2068027
7917830
7194295
25205574
2182091
489725
22253788
338153
15655955
416348
3320499
342748
2248683
8357948
2030509
435231
15655977
25202299
57913192
508406
339347
2530069
442305
31878907
22881835
13882742
3849395
48575475
559879
416377
2016235
22880036
22881666
346760
442343
15639078
48862978
2466549
2209065
8358062
473942
22956078
1384891
436140
2848367
546236
2044073
2181765
7672726
59297392
31878893
531757
2248923
430269
2292561
2465121
13758654
58710538
519016
688847
338286
25203650
1599515
2245281
2137883
416424
2182089
19808852
11573091
650927
73584910
351775
58711536
902669
3856929
428362
50247577
463046
339740
7193939
36316044
489819
15639074
49916033
2848369
887532
531740
11504006
908333
416459
513658
34752428
426395
3853605
4598637
15655939
2015857
416374
313402
559878
32222220
4271025
10184579
573996
31648288
3855041
22881852
436515
706939
332626
15134102
315230
337774
11119019
1822907
2048897
462863
517233
408804
25203200
339739
1586155
22878271
560521
546201
334838
435090
42656731
560242
1056116
22881827
49181801
4627387
36315984
15134124
23437685
23437828
462973
72744539
442341
342102
420886
435249
435248
956225
555139
424851
23437658
59336562
25980689
435246
332079
435239
401818
23436969
11849714
34752835
424920
40033735
22878937
15134100
332526
1586103
16613544
507619
58080742
25679183
332970
26600680
331578
22881933
7720267
424945
6902289
2835951
25203389
7448487
332528
428365
339296
1744927
603608
2371045
1688439
15639061
26148972
23439017
31878752
393976
342742
313653
489925
2530847
442331
646803
59326433
436137
3284713
435075
15134108
416401
6513023
57913194
29355915
908357
4552501
25204429
436501
15655943
45164173
333043
25203913
8358052
2441503
4552507
526277
11119017
315219
489440
2245283
7917827
547157
338995
315391
462781
15134137
22253791
368503
7695680
22881948
14619495
2465111
337865
50238789
25002363
560425
490046
45260271
22955838
525603
485308
4336127
15638964
526561
2248721
31648822
15942260
376791
518683
7203175
2068027
7917830
7194295
25205574
2182091
489725
22253788
338153
15655955
416348
3320499
342748
2248683
8357948
2030509
435231
15655977
25202299
57913192
508406
339347
2530069
442305
31878907
22881835
13882742
3849395
48575475
559879
416377
2016235
22880036
22881666
346760
442343
15639078
48862978
2466549
2209065
8358062
473942
22956078
1384891
436140
2848367
546236
2044073
2181765
7672726
59297392
31878893
531757
2248923
430269
2292561
2465121
13758654
58710538
519016
688847
338286
25203650
1599515
2245281
2137883
416424
2182089
19808852
11573091
650927
73584910
351775
58711536
902669
3856929
428362
50247577
463046
339740
7193939
36316044
489819
15639074
49916033
2848369
887532
531740
11504006
908333
416459
513658
34752428
426395
3853605
4598637
15655939
2015857
416374
313402
559878
32222220
4271025
10184579
573996
31648288
3855041
22881852
436515
706939
332626
15134102
315230
337774
11119019
1822907
2048897
462863
517233
408804
25203200
339739
1586155
22878271
560521
546201
334838
435090
42656731
560242
1056116
22881827
49181801
4627387
36315984
15134124
23437685
23437828
462973
72744539
442341
342102
420886
435249
435248
956225
555139
424851
23437658
59336562
25980689
435246
332079
435239
401818
23436969
11849714
34752835
424920
40033735
22878937
15134100
332526
1586103
16613544
507619
58080742
25679183
332970
26600680
331578
22881933
7720267
424945
6902289
2835951
25203389
7448487
332528
428365
339296
1744927
603608
2371045
1688439
15639061
26148972
23439017
31878752
393976
342742
313653
489925
2530847
442331
646803
59326433
436137
3284713
435075
15134108
416401
6513023
57913194
29355915
908357
4552501
25204429
436501
15655943
45164173
333043
25203913
8358052
2441503
4552507
526277
11119017
315219
489440
2245283
7917827
547157
338995
315391
462781
15134137
22253791
368503
7695680
22881948
14619495
2465111
337865
50238789
25002363
560425
490046
45260271
22955838
525603
485308
4336127
15638964
526561
2248721
31648822
15942260
376791
518683
7203175
2068027
7917830
7194295
25205574
2182091
489725
22253788
338153
15655955
416348
3320499
342748
2248683
8357948
2030509
435231
15655977
25202299
57913192
508406
339347
2530069
442305
31878907
22881835
13882742
3849395
48575475
559879
416377
2016235
22880036
22881666
346760
442343
15639078
48862978
2466549
2209065
8358062
473942
22956078
1384891
436140
2848367
546236
2044073
2181765
7672726
59297392
31878893
531757
2248923
430269
2292561
2465121
13758654
58710538
519016
688847
338286
25203650
1599515
2245281
2137883
416424
2182089
19808852
11573091
650927
73584910
351775
58711536
902669
3856929
428362
50247577
463046
339740
7193939
36316044
489819
15639074
49916033
2848369
887532
531740
11504006
908333
416459
513658
34752428
426395
3853605
4598637
15655939
2015857
416374
313402
559878
32222220
4271025
10184579
573996
31648288
3855041
22881852
436515
706939
332626
15134102
315230
337774
11119019
1822907
2048897
462863
517233
408804
25203200
339739
1586155
22878271
560521
546201
334838
435090
42656731
560242
1056116
22881827
49181801
4627387
36315984
15134124
23437685
23437828
462973
72744539
442341
342102
420886
435249
435248
956225
555139
424851
23437658
59336562
25980689
435246
332079
435239
401818
23436969
11849714
34752835
424920
40033735
22878937
15134100
332526
1586103
16613544
507619
58080742
25679183
332970
26600680
331578
22881933
7720267
424945
6902289
2835951
25203389
7448487
332528
428365
339296
1744927
603608
2371045
1688439
15639061
26148972
23439017
31878752
393976
342742
313653
489925
2530847
442331
646803
59326433
436137
3284713
435075
15134108
416401
6513023
57913194
29355915
908357
4552501
25204429
436501
15655943
45164173
333043
25203913
8358052
2441503
4552507
526277
11119017
315219
489440
2245283
7917827
547157
338995
315391
462781
15134137
22253791
368503
7695680
22881948
14619495
2465111
337865
50238789
25002363
560425
490046
45260271
22955838
525603
485308
4336127
15638964
526561
2248721
31648822
15942260
376791
518683
7203175
2068027
7917830
7194295
25205574
2182091
489725
22253788
338153
15655955
416348
3320499
342748
2248683
8357948
2030509
435231
15655977
25202299
57913192
508406
339347
2530069
442305
31878907
22881835
13882742
3849395
48575475
559879
416377
2016235
22880036
22881666
346760
442343
15639078
48862978
2466549
2209065
8358062
473942
22956078
1384891
436140
2848367
546236
2044073
2181765
7672726
59297392
31878893
531757
2248923
430269
2292561
2465121
13758654
58710538
519016
688847
338286
25203650
1599515
2245281
2137883
416424
2182089
19808852
11573091
650927
73584910
351775
58711536
902669
3856929
428362
50247577
463046
339740
7193939
36316044
489819
15639074
49916033
2848369
887532
531740
11504006
908333
416459
513658
34752428
426395
3853605
4598637
15655939
2015857
416374
313402
559878
32222220
4271025
10184579
573996
31648288
3855041
22881852
436515
706939
332626
15134102
315230
337774
11119019
1822907
2048897
462863
517233
408804
25203200
339739
1586155
22878271
560521
546201
334838
435090
42656731
560242
1056116
22881827
49181801
4627387
36315984
15134124
23437685
23437828
462973
72744539
442341
342102
420886
435249
435248
956225
555139
424851
23437658
59336562
25980689
435246
332079
435239
401818
23436969
11849714
34752835
424920
40033735
22878937
15134100
332526
1586103
16613544
507619
58080742
25679183
332970
26600680
331578
22881933
7720267
424945
6902289
2835951
25203389
7448487
332528
428365
339296
1744927
603608
2371045
1688439
15639061
26148972
23439017
31878752
393976
342742
313653
489925
2530847
442331
646803
59326433
436137
3284713
435075
15134108
416401
6513023
57913194
29355915
908357
4552501
25204429
436501
15655943
45164173
333043
25203913
8358052
2441503
4552507
526277
11119017
315219
489440
2245283
7917827
547157
338995
315391
462781
15134137
22253791
368503
7695680
22881948
14619495
2465111
337865
50238789
25002363
560425
490046
45260271
22955838
525603
485308
4336127
15638964
526561
2248721
31648822
15942260
376791
518683
7203175
2068027
7917830
7194295
25205574
2182091
489725
22253788
338153
15655955
416348
3320499
342748
2248683
8357948
2030509
435231
15655977
25202299
57913192
508406
339347
2530069
442305
31878907
22881835
13882742
3849395
48575475
559879
416377
2016235
22880036
22881666
346760
442343
15639078
48862978
2466549
2209065
8358062
473942
22956078
1384891
436140
2848367
546236
2044073
2181765
7672726
59297392
31878893
531757
2248923
430269
2292561
2465121
13758654
58710538
519016
688847
338286
25203650
1599515
2245281
2137883
416424
2182089
19808852
11573091
650927
73584910
351775
58711536
902669
3856929
428362
50247577
463046
339740
7193939
36316044
489819
15639074
49916033
2848369
887532
531740
11504006
908333
416459
513658
34752428
426395
3853605
4598637
15655939
2015857
416374
313402
559878
32222220
4271025
10184579
573996
31648288
3855041
22881852
436515
706939
332626
15134102
315230
337774
11119019
1822907
2048897
462863
517233
408804
25203200
339739
1586155
22878271
560521
546201
334838
435090
42656731
560242
1056116
22881827
49181801
4627387
36315984
15134124
23437685
23437828
462973
72744539
442341
342102
420886
435249
435248
956225
555139
424851
23437658
59336562
25980689
435246
332079
435239
401818
23436969
11849714
34752835
424920
40033735
22878937
15134100
332526
1586103
16613544
507619
58080742
25679183
332970
26600680
331578
22881933
7720267
424945
6902289
2835951
25203389
7448487
332528
428365
339296
1744927
603608
2371045
1688439
15639061
26148972
23439017
31878752
393976
342742
313653
489925
2530847
442331
646803
59326433
436137
3284713
435075
15134108
416401
6513023
57913194
29355915
908357
4552501
25204429
436501
15655943
45164173
333043
25203913
8358052
2441503
4552507
526277
11119017
315219
489440
2245283
7917827
547157
338995
315391
462781
15134137
22253791
368503
7695680
22881948
14619495
2465111
337865
50238789
25002363
560425
490046
45260271
22955838
525603
485308
4336127
15638964
526561
2248721
31648822
15942260
376791
518683
7203175
2068027
7917830
7194295
25205574
2182091
489725
22253788
338153
15655955
416348
3320499
342748
2248683
8357948
2030509
435231
15655977
25202299
57913192
508406
339347
2530069
442305
31878907
22881835
13882742
3849395
48575475
559879
416377
2016235
22880036
22881666
346760
442343
15639078
48862978
2466549
2209065
8358062
473942
22956078
1384891
436140
2848367
546236
2044073
2181765
7672726
59297392
31878893
531757
2248923
430269
2292561
2465121
13758654
58710538
519016
688847
338286
25203650
1599515
2245281
2137883
416424
2182089
19808852
11573091
650927
73584910
351775
58711536
902669
3856929
428362
50247577
463046
339740
7193939
36316044
489819
15639074
49916033
2848369
887532
531740
11504006
908333
416459
513658
34752428
426395
3853605
4598637
15655939
2015857
416374
313402
559878
32222220
4271025
10184579
573996
31648288
3855041
22881852
436515
706939
332626
15134102
315230
337774
11119019
1822907
2048897
462863
517233
408804
25203200
339739
1586155
22878271
560521
546201
334838
435090
42656731
560242
1056116
22881827
49181801
4627387
36315984
15134124
23437685
23437828
462973
72744539
442341
342102
420886
435249
435248
956225
555139
424851
23437658
59336562
25980689
435246
332079
435239
401818
23436969
11849714
34752835
424920
40033735
22878937
15134100
332526
1586103
16613544
507619
58080742
25679183
332970
26600680
331578
22881933
7720267
424945
6902289
2835951
25203389
7448487
332528
428365
339296
1744927
603608
2371045
1688439
15639061
26148972
23439017
31878752
393976
342742
313653
489925
2530847
442331
646803
59326433
436137
3284713
435075
15134108
416401
6513023
57913194
29355915
908357
4552501
25204429
436501
15655943
45164173
333043
25203913
8358052
2441503
4552507
526277
11119017
315219
489440
2245283
7917827
547157
338995
315391
462781
15134137
22253791
368503
7695680
22881948
14619495
2465111
337865
50238789
25002363
560425
490046
45260271
22955838
525603
485308
4336127
15638964
526561
2248721
31648822
15942260
376791
518683
7203175
2068027
7917830
7194295
25205574
2182091
489725
22253788
338153
15655955
416348
3320499
342748
2248683
8357948
2030509
435231
15655977
25202299
57913192
508406
339347
2530069
442305
31878907
22881835
13882742
3849395
48575475
559879
416377
2016235
22880036
22881666
346760
442343
15639078
48862978
2466549
2209065
8358062
473942
22956078
1384891
436140
2848367
546236
2044073
2181765
7672726
59297392
31878893
531757
2248923
430269
2292561
2465121
13758654
58710538
519016
688847
338286
25203650
1599515
2245281
2137883
416424
2182089
19808852
11573091
650927
73584910
351775
58711536
902669
3856929
428362
50247577
463046
339740
7193939
36316044
489819
15639074
49916033
2848369
887532
531740
11504006
908333
416459
513658
34752428
426395
3853605
4598637
15655939
2015857
416374
313402
559878
32222220
4271025
10184579
573996
31648288
3855041
22881852
436515
706939
332626
15134102
315230
337774
11119019
1822907
2048897
462863
517233
408804
25203200
339739
1586155
22878271
560521
546201
334838
435090
42656731
560242
1056116
22881827
49181801
4627387
36315984
15134124
23437685
23437828
462973
72744539
442341
342102
420886
435249
435248
956225
555139
424851
23437658
59336562
25980689
435246
332079
435239
401818
23436969
11849714
34752835
424920
40033735
22878937
15134100
332526
1586103
16613544
507619
58080742
25679183
332970
26600680
331578
22881933
7720267
424945
6902289
2835951
25203389
7448487
332528
428365
339296
1744927
603608
2371045
1688439
15639061
26148972
23439017
31878752
393976
342742
313653
489925
2530847
442331
646803
59326433
436137
3284713
435075
15134108
416401
6513023
57913194
29355915
908357
4552501
25204429
436501
15655943
45164173
333043
25203913
8358052
2441503
4552507
526277
11119017
315219
489440
2245283
7917827
547157
338995
315391
462781
15134137
22253791
368503
7695680
22881948
14619495
2465111
337865
50238789
25002363
560425
490046
45260271
22955838
525603
485308
4336127
15638964
526561
2248721
31648822
15942260
376791
518683
7203175
2068027
7917830
7194295
25205574
2182091
489725
22253788
338153
15655955
416348
3320499
342748
2248683
8357948
2030509
435231
15655977
25202299
57913192
508406
339347
2530069
442305
31878907
22881835
13882742
3849395
48575475
559879
416377
2016235
22880036
22881666
346760
442343
15639078
48862978
2466549
2209065
8358062
473942
22956078
1384891
436140
2848367
546236
2044073
2181765
7672726
59297392
31878893
531757
2248923
430269
2292561
2465121
13758654
58710538
519016
688847
338286
25203650
1599515
2245281
2137883
416424
2182089
19808852
11573091
650927
73584910
351775
58711536
902669
3856929
428362
50247577
463046
339740
7193939
36316044
489819
15639074
49916033
2848369
887532
531740
11504006
908333
416459
513658
34752428
426395
3853605
4598637
15655939
2015857
416374
313402
559878
32222220
4271025
10184579
573996
31648288
3855041
22881852
436515
706939
332626
15134102
315230
337774
11119019
1822907
2048897
462863
517233
408804
25203200
339739
1586155
22878271
560521
546201
334838
435090
42656731
560242
1056116
22881827
49181801
4627387
36315984
15134124
23437685
23437828
462973
72744539
442341
342102
420886
435249
435248
956225
555139
424851
23437658
59336562
25980689
435246
332079
435239
401818
23436969
11849714
34752835
424920
40033735
22878937
15134100
332526
1586103
16613544
507619
58080742
25679183
332970
26600680
331578
22881933
7720267
424945
6902289
2835951
25203389
7448487
332528
428365
339296
1744927
603608
2371045
1688439
15639061
26148972
23439017
31878752
393976
342742
313653
489925
2530847
442331
646803
59326433
436137
3284713
435075
15134108
416401
6513023
57913194
29355915
908357
4552501
25204429
436501
15655943
45164173
333043
25203913
8358052
2441503
4552507
526277
11119017
315219
489440
2245283
7917827
547157
338995
315391
462781
15134137
22253791
368503
7695680
22881948
14619495
2465111
337865
50238789
25002363
560425
490046
45260271
22955838
525603
485308
4336127
15638964
526561
2248721
31648822
15942260
376791
518683
7203175
2068027
7917830
7194295
25205574
2182091
489725
22253788
338153
15655955
416348
3320499
342748
2248683
8357948
2030509
435231
15655977
25202299
57913192
508406
339347
2530069
442305
31878907
22881835
13882742
3849395
48575475
559879
416377
2016235
22880036
22881666
346760
442343
15639078
48862978
2466549
2209065
8358062
473942
22956078
1384891
436140
2848367
546236
2044073
2181765
7672726
59297392
31878893
531757
2248923
430269
2292561
2465121
13758654
58710538
519016
688847
338286
25203650
1599515
2245281
2137883
416424
2182089
19808852
11573091
650927
73584910
351775
58711536
902669
3856929
428362
50247577
463046
339740
7193939
36316044
489819
15639074
49916033
2848369
887532
531740
11504006
908333
416459
513658
34752428
426395
3853605
4598637
15655939
2015857
416374
313402
559878
32222220
4271025
10184579
573996
31648288
3855041
22881852
436515
706939
332626
15134102
315230
337774
11119019
1822907
2048897
462863
517233
408804
25203200
339739
1586155
22878271
560521
546201
334838
435090
42656731
560242
1056116
22881827
49181801
4627387
36315984
15134124
23437685
23437828
462973
72744539
442341
342102
420886
435249
435248
956225
555139
424851
23437658
59336562
25980689
435246
332079
435239
401818
23436969
11849714
34752835
424920
40033735
22878937
15134100
332526
1586103
16613544
507619
58080742
25679183
332970
26600680
331578
22881933
7720267
424945
6902289
2835951
25203389
7448487
332528
428365
339296
1744927
603608
2371045
1688439
15639061
26148972
23439017
31878752
393976
342742
313653
489925
2530847
442331
646803
59326433
436137
3284713
435075
15134108
416401
6513023
57913194
29355915
908357
4552501
25204429
436501
15655943
45164173
333043
25203913
8358052
2441503
4552507
526277
11119017
315219
489440
2245283
7917827
547157
338995
315391
462781
15134137
22253791
368503
7695680
22881948
14619495
2465111
337865
50238789
25002363
560425
490046
45260271
22955838
525603
485308
4336127
15638964
526561
2248721
31648822
15942260
376791
518683
7203175
2068027
7917830
7194295
25205574
2182091
489725
22253788
338153
15655955
416348
3320499
342748
2248683
8357948
2030509
435231
15655977
25202299
57913192
508406
339347
2530069
442305
31878907
22881835
13882742
3849395
48575475
559879
416377
2016235
22880036
22881666
346760
442343
15639078
48862978
2466549
2209065
8358062
473942
22956078
1384891
436140
2848367
546236
2044073
2181765
7672726
59297392
31878893
531757
2248923
430269
2292561
2465121
13758654
58710538
519016
688847
338286
25203650
1599515
2245281
2137883
416424
2182089
19808852
11573091
650927
73584910
351775
58711536
902669
3856929
428362
50247577
463046
339740
7193939
36316044
489819
15639074
49916033
2848369
887532
531740
11504006
908333
416459
513658
34752428
426395
3853605
4598637
15655939
2015857
416374
313402
559878
32222220
4271025
10184579
573996
31648288
3855041
22881852
436515
706939
332626
15134102
315230
337774
11119019
1822907
2048897
462863
517233
408804
25203200
339739
1586155
22878271
560521
546201
334838
435090
42656731
560242
1056116
22881827
49181801
4627387
36315984
15134124
23437685
23437828
462973
72744539
442341
342102
420886
435249
435248
956225
555139
424851
23437658
59336562
25980689
435246
332079
435239
401818
23436969
11849714
34752835
424920
40033735
22878937
15134100
332526
1586103
16613544
507619
58080742
25679183
332970
26600680
331578
22881933
7720267
424945
6902289
2835951
25203389
7448487
332528
428365
339296
1744927
603608
2371045
1688439
15639061
26148972
23439017
31878752
393976
342742
313653
489925
2530847
442331
646803
59326433
436137
3284713
435075
15134108
416401
6513023
57913194
29355915
908357
4552501
25204429
436501
15655943
45164173
333043
25203913
8358052
2441503
4552507
526277
11119017
315219
489440
2245283
7917827
547157
338995
315391
462781
15134137
22253791
368503
7695680
22881948
14619495
2465111
337865
50238789
25002363
560425
490046
45260271
22955838
525603
485308
4336127
15638964
526561
2248721
31648822
15942260
376791
518683
7203175
2068027
7917830
7194295
25205574
2182091
489725
22253788
338153
15655955
416348
3320499
342748
2248683
8357948
2030509
435231
15655977
25202299
57913192
508406
339347
2530069
442305
31878907
22881835
13882742
3849395
48575475
559879
416377
2016235
22880036
22881666
346760
442343
15639078
48862978
2466549
2209065
8358062
473942
22956078
1384891
436140
2848367
546236
2044073
2181765
7672726
59297392
31878893
531757
2248923
430269
2292561
2465121
13758654
58710538
519016
688847
338286
25203650
1599515
2245281
2137883
416424
2182089
19808852
11573091
650927
73584910
351775
58711536
902669
3856929
428362
50247577
463046
339740
7193939
36316044
489819
15639074
49916033
2848369
887532
531740
11504006
908333
416459
513658
34752428
426395
3853605
4598637
15655939
2015857
416374
313402
559878
32222220
4271025
10184579
573996
31648288
3855041
22881852
436515
706939
332626
15134102
315230
337774
11119019
1822907
2048897
462863
517233
408804
25203200
339739
1586155
22878271
560521
546201
334838
435090
42656731
560242
1056116
22881827
49181801
4627387
36315984
15134124
23437685
23437828
462973
72744539
442341
342102
420886
435249
435248
956225
555139
424851
23437658
59336562
25980689
435246
332079
435239
401818
23436969
11849714
34752835
424920
40033735
22878937
15134100
332526
1586103
16613544
507619
58080742
25679183
332970
26600680
331578
22881933
7720267
424945
6902289
2835951
25203389
7448487
332528
428365
339296
1744927
603608
2371045
1688439
15639061
26148972
23439017
31878752
393976
342742
313653
489925
2530847
442331
646803
59326433
436137
3284713
435075
15134108
416401
6513023
57913194
29355915
908357
4552501
25204429
436501
15655943
45164173
333043
25203913
8358052
2441503
4552507
526277
11119017
315219
489440
2245283
7917827
547157
338995
315391
462781
15134137
22253791
368503
7695680
22881948
14619495
2465111
337865
50238789
25002363
560425
490046
45260271
22955838
525603
485308
4336127
15638964
526561
2248721
31648822
15942260
376791
518683
7203175
2068027
7917830
7194295
25205574
2182091
489725
22253788
338153
15655955
416348
3320499
342748
2248683
8357948
2030509
435231
15655977
25202299
57913192
508406
339347
2530069
442305
31878907
22881835
13882742
3849395
48575475
559879
416377
2016235
22880036
22881666
346760
442343
15639078
48862978
2466549
2209065
8358062
473942
22956078
1384891
436140
2848367
546236
2044073
2181765
7672726
59297392
31878893
531757
2248923
430269
2292561
2465121
13758654
58710538
519016
688847
338286
25203650
1599515
2245281
2137883
416424
2182089
19808852
11573091
650927
73584910
351775
58711536
902669
3856929
428362
50247577
463046
339740
7193939
36316044
489819
15639074
49916033
2848369
887532
531740
11504006
908333
416459
513658
34752428
426395
3853605
4598637
15655939
2015857
416374
313402
559878
32222220
4271025
10184579
573996
31648288
3855041
22881852
436515
706939
332626
15134102
315230
337774
11119019
1822907
2048897
462863
517233
408804
25203200
339739
1586155
22878271
560521
546201
334838
435090
42656731
560242
1056116
22881827
49181801
4627387
36315984
15134124
23437685
23437828
462973
72744539
442341
342102
420886
435249
435248
956225
555139
424851
23437658
59336562
25980689
435246
332079
435239
401818
23436969
11849714
34752835
424920
40033735
22878937
15134100
332526
1586103
16613544
507619
58080742
25679183
332970
26600680
331578
22881933
7720267
424945
6902289
2835951
25203389
7448487
332528
428365
339296
1744927
603608
2371045
1688439
15639061
26148972
23439017
31878752
393976
342742
313653
489925
2530847
442331
646803
59326433
436137
3284713
435075
15134108
416401
6513023
57913194
29355915
908357
4552501
25204429
436501
15655943
45164173
333043
25203913
8358052
2441503
4552507
526277
11119017
315219
489440
2245283
7917827
547157
338995
315391
462781
15134137
22253791
368503
7695680
22881948
14619495
2465111
337865
50238789
25002363
560425
490046
45260271
22955838
525603
485308
4336127
15638964
526561
2248721
31648822
15942260
376791
518683
7203175
2068027
7917830
7194295
25205574
2182091
489725
22253788
338153
15655955
416348
3320499
342748
2248683
8357948
2030509
435231
15655977
25202299
57913192
508406
339347
2530069
442305
31878907
22881835
13882742
3849395
48575475
559879
416377
2016235
22880036
22881666
346760
442343
15639078
48862978
2466549
2209065
8358062
473942
22956078
1384891
436140
2848367
546236
2044073
2181765
7672726
59297392
31878893
531757
2248923
430269
2292561
2465121
13758654
58710538
519016
688847
338286
25203650
1599515
2245281
2137883
416424
2182089
19808852
11573091
650927
73584910
351775
58711536
902669
3856929
428362
50247577
463046
339740
7193939
36316044
489819
15639074
49916033
2848369
887532
531740
11504006
908333
416459
513658
34752428
426395
3853605
4598637
15655939
2015857
416374
313402
559878
32222220
4271025
10184579
573996
31648288
3855041
22881852
436515
706939
332626
15134102
315230
337774
11119019
1822907
2048897
462863
517233
408804
25203200
339739
1586155
22878271
560521
546201
334838
435090
42656731
560242
1056116
22881827
49181801
4627387
36315984
15134124
23437685
23437828
462973
72744539
442341
342102
420886
435249
435248
956225
555139
424851
23437658
59336562
25980689
435246
332079
435239
401818
23436969
11849714
34752835
424920
40033735
22878937
15134100
332526
1586103
16613544
507619
58080742
25679183
332970
26600680
331578
22881933
7720267
424945
6902289
2835951
25203389
7448487
332528
428365
339296
1744927
603608
2371045
1688439
15639061
26148972
23439017
31878752
393976
342742
313653
489925
2530847
442331
646803
59326433
436137
3284713
435075
15134108
416401
6513023
57913194
29355915
908357
4552501
25204429
436501
15655943
45164173
333043
25203913
8358052
2441503
4552507
526277
11119017
315219
489440
2245283
7917827
547157
338995
315391
462781
15134137
22253791
368503
7695680
22881948
14619495
2465111
337865
50238789
25002363
560425
490046
45260271
22955838
525603
485308
4336127
15638964
526561
2248721
31648822
15942260
376791
518683
7203175
2068027
7917830
7194295
25205574
2182091
489725
22253788
338153
15655955
416348
3320499
342748
2248683
8357948
2030509
435231
15655977
25202299
57913192
508406
339347
2530069
442305
31878907
22881835
13882742
3849395
48575475
559879
416377
2016235
22880036
22881666
346760
442343
15639078
48862978
2466549
2209065
8358062
473942
22956078
1384891
436140
2848367
546236
2044073
2181765
7672726
59297392
31878893
531757
2248923
430269
2292561
2465121
13758654
58710538
519016
688847
338286
25203650
1599515
2245281
2137883
416424
2182089
19808852
11573091
650927
73584910
351775
58711536
902669
3856929
428362
50247577
463046
339740
7193939
36316044
489819
15639074
49916033
2848369
887532
531740
11504006
908333
416459
513658
34752428
426395
3853605
4598637
15655939
2015857
416374
313402
559878
32222220
4271025
10184579
573996
31648288
3855041
22881852
436515
706939
332626
15134102
315230
337774
11119019
1822907
2048897
462863
517233
408804
25203200
339739
1586155
22878271
560521
546201
334838
435090
42656731
560242
1056116
22881827
49181801
4627387
36315984
15134124
23437685
23437828
462973
72744539
442341
342102
420886
435249
435248
956225
555139
424851
23437658
59336562
25980689
435246
332079
435239
401818
23436969
11849714
34752835
424920
40033735
22878937
15134100
332526
1586103
16613544
507619
58080742
25679183
332970
26600680
331578
22881933
7720267
424945
6902289
2835951
25203389
7448487
332528
428365
339296
1744927
603608
2371045
1688439
15639061
26148972
23439017
31878752
393976
342742
313653
489925
2530847
442331
646803
59326433
436137
3284713
435075
15134108
416401
6513023
57913194
29355915
908357
4552501
25204429
436501
15655943
45164173
333043
25203913
8358052
2441503
4552507
526277
11119017
315219
489440
2245283
7917827
547157
338995
315391
462781
15134137
22253791
368503
7695680
22881948
14619495
2465111
337865
50238789
25002363
560425
490046
45260271
22955838
525603
485308
4336127
15638964
526561
2248721
31648822
15942260
376791
518683
7203175
2068027
7917830
7194295
25205574
2182091
489725
22253788
338153
15655955
416348
3320499
342748
2248683
8357948
2030509
435231
15655977
25202299
57913192
508406
339347
2530069
442305
31878907
22881835
13882742
3849395
48575475
559879
416377
2016235
22880036
22881666
346760
442343
15639078
48862978
2466549
2209065
8358062
473942
22956078
1384891
436140
2848367
546236
2044073
2181765
7672726
59297392
31878893
531757
2248923
430269
2292561
2465121
13758654
58710538
519016
688847
338286
25203650
1599515
2245281
2137883
416424
2182089
19808852
11573091
650927
73584910
351775
58711536
902669
3856929
428362
50247577
463046
339740
7193939
36316044
489819
15639074
49916033
2848369
887532
531740
11504006
908333
416459
513658
34752428
426395
3853605
4598637
15655939
2015857
416374
313402
559878
32222220
4271025
10184579
573996
31648288
3855041
22881852
436515
706939
332626
15134102
315230
337774
11119019
1822907
2048897
462863
517233
408804
25203200
339739
1586155
22878271
560521
546201
334838
435090
42656731
560242
1056116
22881827
49181801
4627387
36315984
15134124
23437685
23437828
462973
72744539
442341
342102
420886
435249
435248
956225
555139
424851
23437658
59336562
25980689
435246
332079
435239
401818
23436969
11849714
34752835
424920
40033735
22878937
15134100
332526
1586103
16613544
507619
58080742
25679183
332970
26600680
331578
22881933
7720267
424945
6902289
2835951
25203389
7448487
332528
428365
339296
1744927
603608
2371045
1688439
15639061
26148972
23439017
31878752
393976
342742
313653
489925
2530847
442331
646803
59326433
436137
3284713
435075
15134108
416401
6513023
57913194
29355915
908357
4552501
25204429
436501
15655943
45164173
333043
25203913
8358052
2441503
4552507
526277
11119017
315219
489440
2245283
7917827
547157
338995
315391
462781
15134137
22253791
368503
7695680
22881948
14619495
2465111
337865
50238789
25002363
560425
490046
45260271
22955838
525603
485308
4336127
15638964
526561
2248721
31648822
15942260
376791
518683
7203175
2068027
7917830
7194295
25205574
2182091
489725
22253788
338153
15655955
416348
3320499
342748
2248683
8357948
2030509
435231
15655977
25202299
57913192
508406
339347
2530069
442305
31878907
22881835
13882742
3849395
48575475
559879
416377
2016235
22880036
22881666
346760
442343
15639078
48862978
2466549
2209065
8358062
473942
22956078
1384891
436140
2848367
546236
2044073
2181765
7672726
59297392
31878893
531757
2248923
430269
2292561
2465121
13758654
58710538
519016
688847
338286
25203650
1599515
2245281
2137883
416424
2182089
19808852
11573091
650927
73584910
351775
58711536
902669
3856929
428362
50247577
463046
339740
7193939
36316044
489819
15639074
49916033
2848369
887532
531740
11504006
908333
416459
513658
34752428
426395
3853605
4598637
15655939
2015857
416374
313402
559878
32222220
4271025
10184579
573996
31648288
3855041
22881852
436515
706939
332626
15134102
315230
337774
11119019
1822907
2048897
462863
517233
408804
25203200
339739
1586155
22878271
560521
546201
334838
435090
42656731
560242
1056116
22881827
49181801
4627387
36315984
15134124
23437685
23437828
462973
72744539
442341
342102
420886
435249
435248
956225
555139
424851
23437658
59336562
25980689
435246
332079
435239
401818
23436969
11849714
34752835
424920
40033735
22878937
15134100
332526
1586103
16613544
507619
58080742
25679183
332970
26600680
331578
22881933
7720267
424945
6902289
2835951
25203389
7448487
332528
428365
339296
1744927
603608
2371045
1688439
15639061
26148972
23439017
31878752
393976
342742
313653
489925
2530847
442331
646803
59326433
436137
3284713
435075
15134108
416401
6513023
57913194
29355915
908357
4552501
25204429
436501
15655943
45164173
333043
25203913
8358052
2441503
4552507
526277
11119017
315219
489440
2245283
7917827
547157
338995
315391
462781
15134137
22253791
368503
7695680
22881948
14619495
2465111
337865
50238789
25002363
560425
490046
45260271
22955838
525603
485308
4336127
15638964
526561
2248721
31648822
15942260
376791
518683
7203175
2068027
7917830
7194295
25205574
2182091
489725
22253788
338153
15655955
416348
3320499
342748
2248683
8357948
2030509
435231
15655977
25202299
57913192
508406
339347
2530069
442305
31878907
22881835
13882742
3849395
48575475
559879
416377
2016235
22880036
22881666
346760
442343
15639078
48862978
2466549
2209065
8358062
473942
22956078
1384891
436140
2848367
546236
2044073
2181765
7672726
59297392
31878893
531757
2248923
430269
2292561
2465121
13758654
58710538
519016
688847
338286
25203650
1599515
2245281
2137883
416424
2182089
19808852
11573091
650927
73584910
351775
58711536
902669
3856929
428362
50247577
463046
339740
7193939
36316044
489819
15639074
49916033
2848369
887532
531740
11504006
908333
416459
513658
34752428
426395
3853605
4598637
15655939
2015857
416374
313402
559878
32222220
4271025
10184579
573996
31648288
3855041
22881852
436515
706939
332626
15134102
315230
337774
11119019
1822907
2048897
462863
517233
408804
25203200
339739
1586155
22878271
560521
546201
334838
435090
42656731
560242
1056116
22881827
49181801
4627387
36315984
15134124
23437685
23437828
462973
72744539
442341
342102
420886
435249
435248
956225
555139
424851
23437658
59336562
25980689
435246
332079
435239
401818
23436969
11849714
34752835
424920
40033735
22878937
15134100
332526
1586103
16613544
507619
58080742
25679183
332970
26600680
331578
22881933
7720267
424945
6902289
2835951
25203389
7448487
332528
428365
339296
1744927
603608
2371045
1688439
15639061
26148972
23439017
31878752
393976
342742
313653
489925
2530847
442331
646803
59326433
436137
3284713
435075
15134108
416401
6513023
57913194
29355915
908357
4552501
25204429
436501
15655943
45164173
333043
25203913
8358052
2441503
4552507
526277
11119017
315219
489440
2245283
7917827
547157
338995
315391
462781
15134137
22253791
368503
7695680
22881948
14619495
2465111
337865
50238789
25002363
560425
490046
45260271
22955838
525603
485308
4336127
15638964
526561
2248721
31648822
15942260
376791
518683
7203175
2068027
7917830
7194295
25205574
2182091
489725
22253788
338153
15655955
416348
3320499
342748
2248683
8357948
2030509
435231
15655977
25202299
57913192
508406
339347
2530069
442305
31878907
22881835
13882742
3849395
48575475
559879
416377
2016235
22880036
22881666
346760
442343
15639078
48862978
2466549
2209065
8358062
473942
22956078
1384891
436140
2848367
546236
2044073
2181765
7672726
59297392
31878893
531757
2248923
430269
2292561
2465121
13758654
58710538
519016
688847
338286
25203650
1599515
2245281
2137883
416424
2182089
19808852
11573091
650927
73584910
351775
58711536
902669
3856929
428362
50247577
463046
339740
7193939
36316044
489819
15639074
49916033
2848369
887532
531740
11504006
908333
416459
513658
34752428
426395
3853605
4598637
15655939
2015857
416374
313402
559878
32222220
4271025
10184579
573996
31648288
3855041
22881852
436515
706939
332626
15134102
315230
337774
11119019
1822907
2048897
462863
517233
408804
25203200
339739
1586155
22878271
560521
546201
334838
435090
42656731
560242
1056116
22881827
49181801
4627387
36315984
15134124
23437685
23437828
462973
72744539
442341
342102
420886
435249
435248
956225
555139
424851
23437658
59336562
25980689
435246
332079
435239
401818
23436969
11849714
34752835
424920
40033735
22878937
15134100
332526
1586103
16613544
507619
58080742
25679183
332970
26600680
331578
22881933
7720267
424945
6902289
2835951
25203389
7448487
332528
428365
339296
1744927
603608
2371045
1688439
15639061
26148972
23439017
31878752
393976
342742
313653
489925
2530847
442331
646803
59326433
436137
3284713
435075
15134108
416401
6513023
57913194
29355915
908357
4552501
25204429
436501
15655943
45164173
333043
25203913
8358052
2441503
4552507
526277
11119017
315219
489440
2245283
7917827
547157
338995
315391
462781
15134137
22253791
368503
7695680
22881948
14619495
2465111
337865
50238789
25002363
560425
490046
45260271
22955838
525603
485308
4336127
15638964
526561
2248721
31648822
15942260
376791
518683
7203175
2068027
7917830
7194295
25205574
2182091
489725
22253788
338153
15655955
416348
3320499
342748
2248683
8357948
2030509
435231
15655977
25202299
57913192
508406
339347
2530069
442305
31878907
22881835
13882742
3849395
48575475
559879
416377
2016235
22880036
22881666
346760
442343
15639078
48862978
2466549
2209065
8358062
473942
22956078
1384891
436140
2848367
546236
2044073
2181765
7672726
59297392
31878893
531757
2248923
430269
2292561
2465121
13758654
58710538
519016
688847
338286
25203650
1599515
2245281
2137883
416424
2182089
19808852
11573091
650927
73584910
351775
58711536
902669
3856929
428362
50247577
463046
339740
7193939
36316044
489819
15639074
49916033
2848369
887532
531740
11504006
908333
416459
513658
34752428
426395
3853605
4598637
15655939
2015857
416374
313402
559878
32222220
4271025
10184579
573996
31648288
3855041
22881852
436515
706939
332626
15134102
315230
337774
11119019
1822907
2048897
462863
517233
408804
25203200
339739
1586155
22878271
560521
546201
334838
435090
42656731
560242
1056116
22881827
49181801
4627387
36315984
15134124
23437685
23437828
462973
72744539
442341
342102
420886
435249
435248
956225
555139
424851
23437658
59336562
25980689
435246
332079
435239
401818
23436969
11849714
34752835
424920
40033735
22878937
15134100
332526
1586103
16613544
507619
58080742
25679183
332970
26600680
331578
22881933
7720267
424945
6902289
2835951
25203389
7448487
332528
428365
339296
1744927
603608
2371045
1688439
15639061
26148972
23439017
31878752
393976
342742
313653
489925
2530847
442331
646803
59326433
436137
3284713
435075
15134108
416401
6513023
57913194
29355915
908357
4552501
25204429
436501
15655943
45164173
333043
25203913
8358052
2441503
4552507
526277
11119017
315219
489440
2245283
7917827
547157
338995
315391
462781
15134137
22253791
368503
7695680
22881948
14619495
2465111
337865
50238789
25002363
560425
490046
45260271
22955838
525603
485308
4336127
15638964
526561
2248721
31648822
15942260
376791
518683
7203175
2068027
7917830
7194295
25205574
2182091
489725
22253788
338153
15655955
416348
3320499
342748
2248683
8357948
2030509
435231
15655977
25202299
57913192
508406
339347
2530069
442305
31878907
22881835
13882742
3849395
48575475
559879
416377
2016235
22880036
22881666
346760
442343
15639078
48862978
2466549
2209065
8358062
473942
22956078
1384891
436140
2848367
546236
2044073
2181765
7672726
59297392
31878893
531757
2248923
430269
2292561
2465121
13758654
58710538
519016
688847
338286
25203650
1599515
2245281
2137883
416424
2182089
19808852
11573091
650927
73584910
351775
58711536
902669
3856929
428362
50247577
463046
339740
7193939
36316044
489819
15639074
49916033
2848369
887532
531740
11504006
908333
416459
513658
34752428
426395
3853605
4598637
15655939
2015857
416374
313402
559878
32222220
4271025
10184579
573996
31648288
3855041
22881852
436515
706939
332626
15134102
315230
337774
11119019
1822907
2048897
462863
517233
408804
25203200
339739
1586155
22878271
560521
546201
334838
435090
42656731
560242
1056116
22881827
49181801
4627387
36315984
15134124
23437685
23437828
462973
72744539
442341
342102
420886
435249
435248
956225
555139
424851
23437658
59336562
25980689
435246
332079
435239
401818
23436969
11849714
34752835
424920
40033735
22878937
15134100
332526
1586103
16613544
507619
58080742
25679183
332970
26600680
331578
22881933
7720267
424945
6902289
2835951
25203389
7448487
332528
428365
339296
1744927
603608
2371045
1688439
15639061
26148972
23439017
31878752
393976
342742
313653
489925
2530847
442331
646803
59326433
436137
3284713
435075
15134108
416401
6513023
57913194
29355915
908357
4552501
25204429
436501
15655943
45164173
333043
25203913
8358052
2441503
4552507
526277
11119017
315219
489440
2245283
7917827
547157
338995
315391
462781
15134137
22253791
368503
7695680
22881948
14619495
2465111
337865
50238789
25002363
560425
490046
45260271
22955838
525603
485308
4336127
15638964
526561
2248721
31648822
15942260
376791
518683
7203175
2068027
7917830
7194295
25205574
2182091
489725
22253788
338153
15655955
416348
3320499
342748
2248683
8357948
2030509
435231
15655977
25202299
57913192
508406
339347
2530069
442305
31878907
22881835
13882742
3849395
48575475
559879
416377
2016235
22880036
22881666
346760
442343
15639078
48862978
2466549
2209065
8358062
473942
22956078
1384891
436140
2848367
546236
2044073
2181765
7672726
59297392
31878893
531757
2248923
430269
2292561
2465121
13758654
58710538
519016
688847
338286
25203650
1599515
2245281
2137883
416424
2182089
19808852
11573091
650927
73584910
351775
58711536
902669
3856929
428362
50247577
463046
339740
7193939
36316044
489819
15639074
49916033
2848369
887532
531740
11504006
908333
416459
513658
34752428
426395
3853605
4598637
15655939
2015857
416374
313402
559878
32222220
4271025
10184579
573996
31648288
3855041
22881852
436515
706939
332626
15134102
315230
337774
11119019
1822907
2048897
462863
517233
408804
25203200
339739
1586155
22878271
560521
546201
334838
435090
42656731
560242
1056116
22881827
49181801
4627387
36315984
15134124
23437685
23437828
462973
72744539
442341
342102
420886
435249
435248
956225
555139
424851
23437658
59336562
25980689
435246
332079
435239
401818
23436969
11849714
34752835
424920
40033735
22878937
15134100
332526
1586103
16613544
507619
58080742
25679183
332970
26600680
331578
22881933
7720267
424945
6902289
2835951
25203389
7448487
332528
428365
339296
1744927
603608
2371045
1688439
15639061
26148972
23439017
31878752
393976
342742
313653
489925
2530847
442331
646803
59326433
436137
3284713
435075
15134108
416401
6513023
57913194
29355915
908357
4552501
25204429
436501
15655943
45164173
333043
25203913
8358052
2441503
4552507
526277
11119017
315219
489440
2245283
7917827
547157
338995
315391
462781
15134137
22253791
368503
7695680
22881948
14619495
2465111
337865
50238789
25002363
560425
490046
45260271
22955838
525603
485308
4336127
15638964
526561
2248721
31648822
15942260
376791
518683
7203175
2068027
7917830
7194295
25205574
2182091
489725
22253788
338153
15655955
416348
3320499
342748
2248683
8357948
2030509
435231
15655977
25202299
57913192
508406
339347
2530069
442305
31878907
22881835
13882742
3849395
48575475
559879
416377
2016235
22880036
22881666
346760
442343
15639078
48862978
2466549
2209065
8358062
473942
22956078
1384891
436140
2848367
546236
2044073
2181765
7672726
59297392
31878893
531757
2248923
430269
2292561
2465121
13758654
58710538
519016
688847
338286
25203650
1599515
2245281
2137883
416424
2182089
19808852
11573091
650927
73584910
351775
58711536
902669
3856929
428362
50247577
463046
339740
7193939
36316044
489819
15639074
49916033
2848369
887532
531740
11504006
908333
416459
513658
34752428
426395
3853605
4598637
15655939
2015857
416374
313402
559878
32222220
4271025
10184579
573996
31648288
3855041
22881852
436515
706939
332626
15134102
315230
337774
11119019
1822907
2048897
462863
517233
408804
25203200
339739
1586155
22878271
560521
546201
334838
435090
42656731
560242
1056116
22881827
49181801
4627387
36315984
15134124
23437685
23437828
462973
72744539
442341
342102
420886
435249
435248
956225
555139
424851
23437658
59336562
25980689
435246
332079
435239
401818
23436969
11849714
34752835
424920
40033735
22878937
15134100
332526
1586103
16613544
507619
58080742
25679183
332970
26600680
331578
22881933
7720267
424945
6902289
2835951
25203389
7448487
332528
428365
339296
1744927
603608
2371045
1688439
15639061
26148972
23439017
31878752
393976
342742
313653
489925
2530847
442331
646803
59326433
436137
3284713
435075
15134108
416401
6513023
57913194
29355915
908357
4552501
25204429
436501
15655943
45164173
333043
25203913
8358052
2441503
4552507
526277
11119017
315219
489440
2245283
7917827
547157
338995
315391
462781
15134137
22253791
368503
7695680
22881948
14619495
2465111
337865
50238789
25002363
560425
490046
45260271
22955838
525603
485308
4336127
15638964
526561
2248721
31648822
15942260
376791
518683
7203175
2068027
7917830
7194295
25205574
2182091
489725
22253788
338153
15655955
416348
3320499
342748
2248683
8357948
2030509
435231
15655977
25202299
57913192
508406
339347
2530069
442305
31878907
22881835
13882742
3849395
48575475
559879
416377
2016235
22880036
22881666
346760
442343
15639078
48862978
2466549
2209065
8358062
473942
22956078
1384891
436140
2848367
546236
2044073
2181765
7672726
59297392
31878893
531757
2248923
430269
2292561
2465121
13758654
58710538
519016
688847
338286
25203650
1599515
2245281
2137883
416424
2182089
19808852
11573091
650927
73584910
351775
58711536
902669
3856929
428362
50247577
463046
339740
7193939
36316044
489819
15639074
49916033
2848369
887532
531740
11504006
908333
416459
513658
34752428
426395
3853605
4598637
15655939
2015857
416374
313402
559878
32222220
4271025
10184579
573996
31648288
3855041