436515
2048897
462863
517233
435090
15134124
462973
442341
342102
435249
435248
424851
59336562
435246
435239
15134100
6902289
1744927
603608
15639061
26148972
342742
489925
442331
59326433
436137
435075
15134108
416401
4552501
436501
15655943
8358052
4552507
315391
15134137
442329
337865
490046
485308
4336127
15638964
526561
376791
2068027
7194295
338153
15655955
416348
3320499
8357948
2030509
435231
15655977
508406
2530069
442305
31878907
48575475
416377
2016235
15639078
2466549
473942
436140
2848367
2044073
31878893
430269
338286
1599515
416424
73584910
351775
902669
50247577
339740
15639074
49916033
887532
416459
426395
4598637
15655939
32222220
4271025
573996
4042793
577212
3610975
516879
15639070
8357994
15655957
577232
31587395
705296
436042
2430579
2922181
565804
338401
15638965
974661
420783
36316311
4271027
50071977
603617
50126216
486640
416450
34753936
560399
462740
490054
59326542
7003387
518335
416410
338851
424718
338869
2532703
23439011
2530071
3923343
985706
2365007
14959543
11498669
603621
25203183
2365019
338072
2016819
50074787
1382085
442309
11178329
50126149
50071896
19830358
424728
22860188
7193915
1599553
44909596
442549
421232
7202917
25002414
2848371
416354
7202901
481030
11498671
10863581
2027429
416307
50078690
75549258
688833
485276
8357986
7203187
526253
442482
1599513
460616
416418
2043987
59336542
59336548
5747085
421250
2530507
25201913
50247581
487576
15655959
36316262
59336569
1599631
4598639
923786
416461
22986892
2848365
2634279
490043
887488
8357946
76250643
552296
15639067
338167
4598641
2466557
55289382
517671
442330
15639030
55286093
14520624
50126156
1390049
59336543
2532641
58711388
481061
2530019
442306
416421
315942
577227
50074853
401620
559867
14520623
923814
2049009
51990833
4552503
26149128
2530165
490069
59336546
879142
416409
14970191
59336520
2648369
490047
2365023
4598635
378848
517914
924024
526017
426696
331584
416476
442336
50126193
36315982
560528
416475
706401
416438
25202373
416430
2030579
22876403
342988
340578
473658
525950
25537960
7202913
2530913
43751933
7203017
420792
50126197
416479
22986279
1599511
490113
54917546
50074859
682215
59336567
36316053
2530651
50078692
50247703
7203073
442313
420855
50247597
424862
2530881
34752198
50702507
315821
14970152
416443
603622
59336565
420961
416408
55287946
58957599
73584988
8357942
3782675
2365031
22865503
25203147
603350
22674649
15638968
531714
55286891
58711506
2027417
48755822
430275
2465225
2530563
29355262
424782
14976452
7194087
46757542
2365041
416480
688903
586919
25203911
531699
2712897
50074789
880954
14969201
435274
14520621
75549227
70805110
424942
2865489
489988
566829
416641
526458
517263
2364997
420774
331588
15183564
50071920
2027415
19888593
50078297
531739
14970158
650890
518277
50074801
370421
559695
517243
50126203
35896631
2530499
2613111
50238932
2371129
35869498
2532685
14948092
23436999
416388
31933722
43751954
50078770
1599583
1385393
603587
338071
50238780
43981808
416477
59336524
34755499
31622411
485228
50238782
603499
338278
366841
574078
2030577
50071957
73584889
29355882
31587409
48862974
2530503
75549234
2466429
1382713
14619487
23438117
904326
7574687
2061851
7193947
50126195
14520627
313924
73844057
2465253
565796
35856076
50126191
2371113
14941741
316145
35779587
50074830
55285815
2061857
3819175
385523
401546
1822097
7194419
50071947
2365017
416400
339681
59336514
7193967
14927626
1599549
2465267
385504
2027427
346596
490367
603543
42838969
485182
421247
416391
65394526
2466445
35869496
15191530
50071941
49885260
50078703
48754858
907636
68596871
517082
2530239
29356703
7193951
31622379
15666149
1599617
420861
14940122
50071968
14969192
1586141
956158
50238821
50071993
50238774
339302
2365021
31587411
1382615
68596872
518316
577255
14969198
29354772
339205
55288929
462814
4205833
2447823
520464
21056742
313958
11448132
7194219
489453
489459
2365027
14970156
35777612
50238917
3819171
2465255
518019
2499787
50074843
31878911
2466423
59287992
3768879
50126214
23438472
31855195
23439152
516821
31949749
59336510
50238811
315908
435261
14969195
7202793
2044517
25002172
1586153
50078296
40033786
337193
548386
473648
1385395
2466441
35778358
14969186
31934711
550160
54021752
1599607
35779415
2364999
489999
31895937
50071975
7203167
2466437
44984499
50126228
25203191
29355420
7998378
31622372
58710988
489711
2371117
517824
7202905
2530775
58710336
50071996
31587452
2027419
2365011
50247591
958350
59336516
31895873
315775
16076027
342560
318197
68596869
50076267
50071900
59336508
31934723
2648497
55285629
25203663
34752314
907688
3819141
435099
3550459
3782657
48755299
58710070
974807
490099
880874
25204681
50071904
4205835
3215959
339697
416412
474167
1599541
48552810
31933299
8113669
35869551
59336527
31895919
462659
59288010
50078310
781461
974733
53806180
14948554
574093
15183510
59336518
49641503
887504
50238802
420797
59336511
566928
19808847
577050
35777663
1382023
4271023
525994
22605685
313772
435045
880878
2499727
35751818
2499573
525429
35869459
2057417
338341
2530501
2027425
421277
7203065
435945
50247567
55289060
2462767
2465375
58710433
1382065
22986288
421275
490078
58710576
6899035
8358028
35764178
36316305
24748977
3782577
50126170
14617226
22865440
490083
19901147
416417
50126218
25206006
21090480
19830288
315965
8357944
481164
58710102
19823179
2465283
1599579
3768947
8114090
21060982
424815
50071898
6553769
4621271
3782655
73668642
1599537
35869414
31622423
41498599
31934445
3765631
74329959
710365
10863600
35777504
2530075
486642
416644
31895939
58711476
74551991
50071915
25537731
29355279
54002761
450147
58710708
2530073
426406
416387
7194427
2499579
35764224
35896733
16076002
24744663
25204438
25205327
24744638
19888587
426604
7448475
315843
35764208
313622
19823183
2371109
2466509
19823191
14970177
31622427
2532769
48755869
48552830
74451718
35794205
35896705
58710691
8062220
73584902
7257059
22986204
7194111
7194115
14617239
2530129
37794657
10186282
2364993
50126179
59288002
907594
923800
50247621
14948142
416478
2648377
31933765
8390230
2532735
58839880
401812
32112217
420841
34752344
15183526
2684639
1382067
2371145
26708424
50071939
21088822
35856181
21084889
35764324
32003215
4430573
31895847
19808801
7203061
2371143
22871047
59336561
2613103
489939
50126183
342792
577268
12598510
337194
40033844
22985002
19823170
50078312
416453
7448439
23439070
880926
21089121
66231357
59336502
31895867
35896757
708230
25205185
530837
907672
21090470
50071964
35764318
42262929
58839915
14948144
553240
22986530
44914072
2027421
2043213
956902
2030911
58710770
560860
10863589
31622388
3320511
22987166
50074820
421287
19823203
76153113
338317
8357952
2365005
31622386
22987306
35869355
50071949
416396
19830360
1382711
2462759
7203025
34755191
31825020
21089695
22606069
21060920
35764216
35764289
74451765
59535901
35869534
35869476
22866563
48754844
14963279
40033750
50247549
2530077
50078294
14970171
335919
1748579
954704
3770195
879150
517919
524199
2027423
2389547
376787
435033
50071945
10863591
19830332
5410909
35778247
376789
2530747
2364995
32222151
2530729
577265
2365001
14970193
3550523
8357954
48754787
31622384
2466419
2532643
50078274
31895903
14970189
2365025
342558
48754868
2466421
58710439
1599625
2061863
50238820
19830330
2016015
49181907
49641681
20692109
339095
50238804
953396
516991
518253
50443944
75376804
48755643
25204464
15655937
37152179
4431801
14969190
907602
2530087
31622413
3819187
35778318
25537915
314126
2613067
551030
50078724
59336522
8357960
19823144
59287990
49885272
23011733
53806184
75991679
2684623
526453
14969203
2016009
7203029
2466439
1599551
2365003
10863587
10183687
328128
517055
55288723
426711
50074785
29355204
526139
3635223
6421307
7193975
416429
50076271
34752586
345737
34754522
342794
49863378
2684627
2672291
7448451
346099
34752625
2684635
2465149
8357998
2613109
14969182
402260
31622463
2466417
424928
435053
549200
32222338
31934977
2016795
35794221
8357950
15639080
50074865
55289574
29355207
51942485
43751914
7448459
54002765
37503480
32003219
15639065
50074856
50247599
2684631
31825008
31933720
7448447
3687849
73585086
547192
550140
50238806
29356524
540533
4271029
3770181
19823209
35896761
35779591